3.1832
3.113
3.0554
3.0615
3.0791
3.0969
3.115
3.1334
3.1521
3.1713
3.1902
3.2088
3.2277
3.2457
3.2623
3.2791
3.2646
3.1895
3.1618
3.1645
3.1673
3.1701
3.1728
3.1757
3.1784
3.1812
3.184
3.1646
3.0869
3.0488
3.0555
3.0625
3.0698
3.0773
3.0851
3.093
3.1009
3.1084
3.1158
3.1231
3.1301
3.137
3.1439
3.1698
3.2491
3.2843
3.2739
3.2658
3.2581
3.2504
3.2427
3.2352
3.2276
3.2199
3.2122
3.2045
3.1966
3.189
3.173
3.1003
3.0504
3.0556
3.0627
3.0696
3.0768
3.0842
3.0918
3.0995
3.1072
3.1147
3.1221
3.1292
3.1365
3.1436
3.1644
3.2396
3.2838
3.2769
3.2692
3.2616
3.2541
3.2465
3.2391
3.2318
3.2244
3.2169
3.2094
3.2021
3.1954
3.189
3.1791
3.1262
3.0658
3.0515
3.0579
3.0638
3.0697
3.0756
3.0817
3.0881
3.0951
3.1018
3.1086
3.1154
3.1223
