0.033297
0.048458
0.03612
0.041191
0.043666
0.042102
0.049174
0.057926
0.058769
0.053503
0.07957
0.098159
0.082835
0.063982
0.064035
0.045219
0.050091
0.052302
0.042939
0.017294
0.030548
0.029184
0.03187
0.035003
0.021775
0.040754
0.050801
0.043387
0.032254
0.041665
0.026357
0.044229
0.037594
0.034924
0.048211
0.048658
0.084204
0.053292
0.095842
0.10948
0.12207
0.08631
0.10695
0.076358
0.057663
0.077727
0.080623
0.068458
0.054398
0.065615
0.05819
0.067985
0.062403
0.043924
0.038095
0.02593
0.03671
0.020669
0.045061
0.035783
0.013755
0.017804
0.013802
0.012459
0.027731
0.02989
0.045198
0.057294
0.031296
0.057926
0.076621
0.070302
0.069301
0.085784
0.078148
0.095105
0.10321
0.098686
0.11717
0.089733
0.11148
0.065562
0.082993
0.041765
0.041065
0.049806
0.029769
0.036704
0.02731
0.020237
0.031275
0.034034
0.024455
0.037468
0.028584
0.043892
0.057821
0.043513
0.05008
0.04631
0.083625
0.066089
0.078095
0.069775
0.080044
