0.47684
0.42091
0.51355
0.40217
0.42355
0.47668
0.38699
0.51665
0.47142
0.49202
0.63919
0.6505
0.64864
0.54562
0.62742
0.60124
0.59519
0.61255
0.63904
0.45592
0.53834
0.44957
0.36561
0.58931
0.65097
0.8584
0.72424
0.63021
0.8474
0.79953
0.85251
0.7811
0.85499
0.63021
0.68598
0.54361
0.60511
0.63036
0.65282
0.70271
0.75213
0.69992
0.68768
0.67451
0.67048
0.68086
0.65422
0.59024
0.57289
0.64895
0.5859
0.68691
0.66971
0.52672
0.64601
0.78528
0.88272
0.73741
0.64384
0.70813
0.85918
0.77769
0.74516
0.56715
0.70317
0.77691
0.68737
0.72378
0.53431
0.63207
0.64585
0.71526
0.68133
0.6488
0.69976
0.76158
0.73431
0.7292
0.65019
0.66785
0.59365
0.65701
0.73648
0.7419
0.59504
0.70286
0.77583
0.78993
0.81626
0.6914
0.64678
0.76483
0.73261
0.67622
0.65035
0.55987
0.45375
0.57211
0.53741
0.51464
0.60976
0.5165
0.56204
0.58389
0.61487
