0.70097
0.77912
0.71112
0.66842
0.68977
0.73761
0.64522
0.60424
0.5904
0.42501
0.43358
0.52688
0.47245
0.40129
0.40353
0.42527
0.40116
0.35595
0.2952
0.46705
0.38653
0.4063
0.52701
1.1857
1.0933
0.7326
1.1811
0.93067
1.0003
1.0383
0.72785
1.4562
1.501
0.93173
0.74736
0.56312
0.45967
0.40261
0.47838
0.50131
0.51344
0.49051
0.4627
0.49617
0.50553
0.46086
0.4457
0.40406
0.3723
0.39193
0.5253
0.66671
0.75751
0.7102
0.85292
0.62493
0.66051
0.85292
0.83921
0.81589
0.87611
0.49736
0.56589
0.54665
0.90774
0.52464
0.52372
0.5535
0.25474
0.36887
0.3893
0.44056
0.43068
0.45941
0.52016
0.61307
0.50672
0.4826
0.44662
0.41723
0.39285
0.39417
0.69847
0.73563
0.70901
0.63534
0.64035
0.73827
0.65102
0.76818
0.74868
0.835
0.74499
0.53044
0.60569
0.62374
0.52912
0.64891
0.54744
0.46296
0.44715
0.34462
0.39048
0.43608
0.41974
