0.15094
0.15768
0.15612
0.14498
0.18642
0.19777
0.16364
0.15278
0.15136
0.072098
0.051278
0.06266
0.047971
0.046275
0.053676
0.050894
0.060524
0.051725
0.04152
0.099986
0.15094
0.15221
0.16158
0.24858
0.2082
0.23652
0.22233
0.19713
0.17726
0.18337
0.16321
0.24432
0.23716
0.18912
0.18017
0.1344
0.075291
0.065711
0.057714
0.063277
0.064753
0.05445
0.056394
0.054975
0.061603
0.055521
0.061035
0.065804
0.054542
0.054599
0.10091
0.18628
0.17208
0.14718
0.1762
0.18521
0.17868
0.19813
0.15626
0.18067
0.2605
0.23481
0.23233
0.22602
0.25816
0.19401
0.17159
0.079478
0.042883
0.051774
0.051356
0.04575
0.042727
0.042876
0.047218
0.048808
0.043869
0.040974
0.044011
0.043926
0.045196
0.059431
0.1222
0.14767
0.12617
0.15995
0.21026
0.21487
0.22005
0.21033
0.19217
0.23623
0.20033
0.15683
0.18188
0.16144
0.12404
0.17294
0.13845
0.10346
0.062426
0.057558
0.050575
0.055202
0.047446
