0.17935
0.093713
0.18629
0.14106
0.23364
0.19259
0.17414
0.2209
0.11877
0.19387
0.21376
0.21548
0.26583
0.23458
0.26322
0.25417
0.25136
0.25574
0.30595
0.14165
0.20943
0.2488
0.19323
0.50646
0.33336
0.16213
0.23999
0.34532
0.13619
0.13555
0.11247
0.2457
0.11138
0.10459
0.088988
0.066151
0.13437
0.17926
0.20697
0.21002
0.21952
0.21927
0.22341
0.25082
0.24836
0.22045
0.19432
0.14854
0.14874
0.2145
0.11015
0.14229
0.26298
0.26111
0.22533
0.48953
0.62065
0.48441
0.45242
0.75059
0.36757
0.33287
0.25082
0.26313
0.28262
0.23315
0.16744
0.14052
0.2204
0.18063
0.18014
0.18447
0.17547
0.17699
0.2018
0.24664
0.21829
0.2083
0.19894
0.22907
0.19338
0.17483
0.19904
0.26308
0.19117
0.19914
0.16882
0.18944
0.20815
0.23581
0.2618
0.27927
0.31175
0.32957
0.25456
0.14382
0.11114
0.16041
0.09076
0.142
0.12078
0.1387
0.1702
0.18196
0.20972
