0.11069
0.1051
0.087963
0.12884
0.13664
0.12838
0.14467
0.12609
0.10432
0.11656
0.054829
0.064134
0.059567
0.070042
0.063124
0.060336
0.061816
0.049161
0.044825
0.094112
0.079484
0.094388
0.089133
0.10972
0.098254
0.095248
0.10506
0.088353
0.095661
0.096258
0.10026
0.11177
0.13274
0.11395
0.10521
0.10741
0.0673
0.046178
0.071534
0.070386
0.076628
0.080838
0.079278
0.065338
0.076662
0.078658
0.073289
0.066325
0.041979
0.03926
0.07688
0.091531
0.097244
0.093344
0.10478
0.10703
0.1131
0.11191
0.10561
0.097003
0.094376
0.099677
0.11496
0.096407
0.11442
0.088617
0.11702
0.058546
0.032342
0.060416
0.055953
0.061414
0.062309
0.053567
0.053464
0.055368
0.057135
0.065361
0.061506
0.058041
0.050745
0.034212
0.10599
0.098415
0.095523
0.10067
0.13022
0.13607
0.13159
0.097359
0.087458
0.098942
0.11874
0.10955
0.11519
0.10362
0.090143
0.11367
0.092713
0.10586
0.048553
0.04097
0.069641
0.0733
0.068011
