0.01971
0.016098
0.019219
0.012817
0.012444
0.014513
0.01553
0.012035
0.010554
0.016783
0.020174
0.01553
0.014741
0.014264
0.011246
0.010381
0.011364
0.015689
0.016001
0.011087
0.0081665
0.011627
0.013073
0.015253
0.016077
0.014035
0.02115
0.033836
0.018638
0.012063
0.0094884
0.010409
0.01261
0.018679
0.011039
0.014845
0.016001
0.01942
0.016603
0.015482
0.018209
0.011848
0.018015
0.013143
0.012264
0.013585
0.012783
0.017738
0.024361
0.02052
0.017226
0.010699
0.016582
0.018561
0.012873
0.010257
0.011973
0.020465
0.023074
0.020458
0.016326
0.008298
0.0066945
0.010824
0.0094053
0.011855
0.011931
0.012042
0.015994
0.016444
0.014838
0.017994
0.012174
0.013745
0.013862
0.012485
0.012174
0.014105
0.012921
0.018921
0.016741
0.01762
0.01879
0.017461
0.02007
0.015177
0.010672
0.013758
0.01488
0.015129
0.016568
0.018499
0.015696
0.012803
0.011987
0.013724
0.013523
0.016852
0.013143
0.014589
0.011807
0.010471
0.01407
0.011987
0.010672
