0.25264
0.12357
0.132
0.15852
0.19959
0.23033
0.24693
0.25654
0.15397
0.17701
0.060778
0.081036
0.0823
0.084084
0.082132
0.082691
0.086573
0.080894
0.057261
0.11622
0.12665
0.17926
0.18006
0.19668
0.13748
0.10439
0.18286
0.20361
0.12647
0.1604
0.13256
0.14862
0.1895
0.19477
0.17893
0.1233
0.12078
0.039967
0.070377
0.071053
0.075775
0.071866
0.074025
0.068025
0.070825
0.072904
0.073697
0.075792
0.059907
0.04882
0.060283
0.13132
0.1749
0.19063
0.21798
0.18769
0.17916
0.16492
0.22342
0.19915
0.15294
0.14946
0.16509
0.18274
0.18113
0.16886
0.14999
0.11585
0.035586
0.060315
0.071591
0.07109
0.069636
0.066718
0.059656
0.060408
0.069102
0.0641
0.067322
0.064008
0.055719
0.041218
0.13251
0.12365
0.15671
0.14075
0.15073
0.12516
0.10282
0.17136
0.19384
0.19147
0.14158
0.1229
0.17059
0.17543
0.16364
0.19535
0.17925
0.15462
0.066814
0.045549
0.08235
0.095971
0.085125
