2.691579493596519754e-02
2.566510545925948863e-02
2.240488200815628217e-02
2.664050750073261586e-02
3.296811744791876275e-02
3.818100261843736937e-02
2.017278889523061586e-02
2.652154731914369359e-02
2.580271345309755396e-02
2.448915012666302154e-02
2.746322611394414609e-02
2.839926055178026293e-02
3.570963163875999491e-02
2.074451224242282107e-02
2.441405874477117766e-02
2.625111831775367097e-02
1.957877391040732662e-02
1.197675389775418840e-02
2.031089702196419225e-02
2.035948136039092415e-02
6.095505415108034425e-02
2.348345432122969992e-02
4.067980945981453794e-02
2.140047225874024822e-02
6.891031088311841413e-02
1.840717687875801853e-02
1.181688999006326284e-02
2.568168129236978597e-02
3.173979105640059584e-02
2.715257213823911095e-02
2.309399369069430399e-02
1.365219909791129393e-02
2.545433516755529063e-02
1.033288851757445566e-02
1.624835323503317011e-02
2.156465874359988003e-02
1.714255512853282704e-02
1.984398724017206669e-02
2.429981410191190544e-02
2.140597372059145631e-02
2.361456058742542052e-02
1.974467513662330961e-02
1.625932043495747006e-02
2.324103276199167289e-02
2.041592493003385744e-02
2.262208257994637040e-02
2.900463569808857042e-02
3.358170906322576615e-02
3.059191461351246435e-02
3.168892039616554718e-02
5.936334548715284376e-02
3.935488597189498727e-02
3.301905955571025897e-02
2.832867036594848356e-02
4.066166178046102392e-02
3.294675462852224290e-02
4.425833177516928091e-02
1.558106878100894849e-02
3.092721799621347273e-02
4.198487052702433442e-02
4.031642718740519743e-02
2.511067242074268083e-02
1.905199107625979091e-02
9.767652608513352486e-02
2.076173110354176399e-02
2.307834667581869226e-02
1.977411152990538740e-02
2.073701024898922524e-02
1.468993913243927737e-02
2.027117218054469081e-02
1.699544460967888915e-02
2.532630114628955237e-02
1.948810696119620753e-02
2.266988099525154773e-02
1.027423007367983011e-02
1.099974428625959469e-02
1.441015050114651669e-02
1.350119468722759536e-02
2.268166984207574052e-02
7.180943838362048581e-03
1.832244007673728206e-02
1.626532202970430024e-02
1.987520982236695016e-02
1.272588152776052590e-02
1.807562449277386532e-02
2.956571335936085745e-02
1.187154737079339044e-02
1.681443222526114722e-02
1.281944210301015109e-02
1.834719665506793357e-02
2.206643493296895145e-02
2.205907583464837562e-02
1.348608352902583990e-02
1.673040989880550736e-02
1.276932164211854424e-02
1.626464327791742742e-02
1.454136393867691383e-02
1.110327179564242484e-02
2.702446666941680717e-02
1.902298336831688766e-02
2.141311847624244660e-02
