1.000000000000000021e-02
1.393939393939393895e-02
1.787878787878787942e-02
2.181818181818181990e-02
2.575757575757575690e-02
2.969696969696970085e-02
3.363636363636363785e-02
3.757575757575757486e-02
4.151515151515151880e-02
4.545454545454545581e-02
4.939393939393939975e-02
5.333333333333333676e-02
5.727272727272727376e-02
6.121212121212121771e-02
6.515151515151515471e-02
6.909090909090909172e-02
7.303030303030302872e-02
7.696969696969696573e-02
8.090909090909090273e-02
8.484848484848485362e-02
8.878787878787879062e-02
9.272727272727272763e-02
9.666666666666666463e-02
1.006060606060606016e-01
1.045454545454545386e-01
1.084848484848484895e-01
1.124242424242424265e-01
1.163636363636363635e-01
1.203030303030303005e-01
1.242424242424242375e-01
1.281818181818182023e-01
1.321212121212121393e-01
1.360606060606060763e-01
1.400000000000000133e-01
1.439393939393939503e-01
1.478787878787878873e-01
1.518181818181818243e-01
1.557575757575757613e-01
1.596969696969697261e-01
1.636363636363636631e-01
1.675757575757576001e-01
1.715151515151515371e-01
1.754545454545454741e-01
1.793939393939394111e-01
1.833333333333333481e-01
1.872727272727272851e-01
1.912121212121212221e-01
1.951515151515151592e-01
1.990909090909090962e-01
2.030303030303030609e-01
2.069696969696969979e-01
2.109090909090909349e-01
2.148484848484848719e-01
2.187878787878788089e-01
2.227272727272727459e-01
2.266666666666666829e-01
2.306060606060606200e-01
2.345454545454545570e-01
2.384848484848484940e-01
2.424242424242424587e-01
2.463636363636363957e-01
2.503030303030303050e-01
2.542424242424242697e-01
2.581818181818181790e-01
2.621212121212121438e-01
2.660606060606061085e-01
2.700000000000000178e-01
2.739393939393939825e-01
2.778787878787878918e-01
2.818181818181818565e-01
2.857575757575757658e-01
2.896969696969697305e-01
2.936363636363636398e-01
2.975757575757576046e-01
3.015151515151515138e-01
3.054545454545454786e-01
3.093939393939394433e-01
3.133333333333333526e-01
3.172727272727273173e-01
3.212121212121212266e-01
3.251515151515151913e-01
3.290909090909091006e-01
3.330303030303030654e-01
3.369696969696969746e-01
3.409090909090909394e-01
3.448484848484848486e-01
3.487878787878788134e-01
3.527272727272727781e-01
3.566666666666666874e-01
3.606060606060606522e-01
3.645454545454545614e-01
3.684848484848485262e-01
3.724242424242424354e-01
3.763636363636364002e-01
3.803030303030303094e-01
3.842424242424242742e-01
3.881818181818181834e-01
3.921212121212121482e-01
3.960606060606061130e-01
4.000000000000000222e-01
