38.049
38.025
38.059
38.119
38.182
38.247
38.312
38.379
38.446
38.515
38.583
38.65
38.718
38.782
38.842
38.902
38.961
38.974
38.604
38.541
38.478
38.413
38.349
38.284
38.22
38.155
38.09
38.032
38.018
38.067
38.129
38.191
38.255
38.322
38.39
38.459
38.529
38.595
38.66
38.724
38.785
38.846
38.905
38.961
38.952
38.906
38.839
38.77
38.703
38.637
38.571
38.507
38.441
38.375
38.309
38.242
38.174
38.108
38.045
38.023
38.068
38.13
38.193
38.254
38.317
38.382
38.449
38.517
38.584
38.65
38.714
38.777
38.84
38.903
38.964
38.977
38.931
38.865
38.798
38.734
38.669
38.603
38.54
38.477
38.413
38.349
38.285
38.222
38.163
38.107
38.056
38.021
38.041
38.093
38.15
38.202
38.254
38.306
38.359
38.416
38.478
38.537
38.597
38.656
38.717
