3.055435999999999819e+00
3.061506000000000061e+00
3.079069000000000056e+00
3.096861000000000086e+00
3.114971000000000156e+00
3.133429000000000020e+00
3.152109999999999967e+00
3.171259000000000050e+00
3.190196999999999949e+00
3.208825000000000038e+00
3.227667999999999981e+00
3.245668999999999915e+00
3.262255000000000127e+00
3.279082999999999970e+00
3.264635999999999871e+00
3.189502000000000059e+00
3.167266999999999832e+00
3.170062999999999853e+00
3.172845000000000137e+00
3.175659000000000010e+00
3.178441999999999990e+00
3.181229999999999780e+00
3.184041999999999817e+00
3.164598999999999940e+00
3.086872000000000060e+00
3.048842000000000052e+00
3.055480000000000196e+00
3.062520000000000131e+00
3.069763000000000019e+00
3.077344000000000079e+00
3.085088999999999970e+00
3.092970999999999915e+00
3.100875999999999966e+00
3.108439000000000174e+00
3.115794000000000175e+00
3.123139000000000109e+00
3.130107999999999890e+00
3.137049999999999894e+00
3.143870999999999860e+00
3.169782000000000100e+00
3.249101000000000017e+00
3.284270999999999940e+00
3.273889000000000049e+00
3.265813000000000077e+00
3.258054000000000006e+00
3.250386999999999915e+00
3.242741000000000096e+00
3.235202999999999829e+00
3.227621000000000073e+00
3.219920000000000115e+00
3.212184000000000150e+00
3.204498000000000069e+00
3.196609000000000034e+00
3.189000000000000057e+00
3.172972000000000126e+00
3.100299000000000138e+00
3.050428000000000139e+00
3.055639000000000216e+00
3.062675000000000036e+00
3.069647999999999932e+00
3.076830999999999872e+00
3.084223000000000159e+00
3.091813000000000144e+00
3.099534999999999929e+00
3.107174000000000103e+00
3.114688000000000123e+00
3.122056000000000164e+00
3.129236999999999824e+00
3.136451000000000100e+00
3.143616999999999884e+00
3.164438000000000084e+00
3.239573000000000036e+00
3.283828999999999887e+00
3.276928999999999981e+00
3.269155000000000033e+00
3.261641000000000012e+00
3.254099000000000075e+00
3.246465999999999852e+00
3.239132999999999818e+00
3.231813999999999965e+00
3.224359000000000197e+00
3.216880999999999879e+00
3.209421999999999997e+00
3.202142999999999962e+00
3.195368999999999904e+00
3.188966999999999885e+00
3.179065000000000030e+00
3.126196000000000197e+00
3.065783000000000147e+00
3.051473000000000102e+00
3.057850000000000179e+00
3.063816999999999791e+00
3.069703000000000070e+00
3.075553000000000203e+00
3.081672000000000189e+00
3.088071999999999928e+00
3.095126000000000044e+00
3.101806999999999981e+00
3.108636000000000177e+00
3.115384000000000153e+00
3.122319000000000067e+00
