2.578846050499793430e-01
2.518551193447819969e-01
2.464270422983933784e-01
2.415137240683954134e-01
2.370462412263452390e-01
2.329687892517936232e-01
2.292354985050952532e-01
2.258081722558092086e-01
2.226546412191527657e-01
2.197475417121111108e-01
2.170633918872856005e-01
2.145818821297627854e-01
2.122853221956309822e-01
2.101582049730966462e-01
2.081868583093710867e-01
2.063591642334267340e-01
2.046643303851955198e-01
2.030927023345133475e-01
2.016356082518634685e-01
2.002852294148139423e-01
1.990344915241279156e-01
1.978769729147466239e-01
1.968068265846452947e-01
1.958187136026098008e-01
1.949077459465285711e-01
1.940694372042380544e-01
1.932996598664511179e-01
1.925946081757100303e-01
1.919507656813616847e-01
1.913648767992101873e-01
1.908339217940593080e-01
1.903550947000836879e-01
1.899257837726646414e-01
1.895435541297114945e-01
1.892061322934260603e-01
1.889113923872096368e-01
1.886573437787213703e-01
1.884421199903666688e-01
1.882639687238395199e-01
1.881212428666489134e-01
1.880123923665324159e-01
1.879359568748907583e-01
1.878905590733076225e-01
1.878748986082618144e-01
1.878877465685666326e-01
1.879279404481798144e-01
1.879943795439910914e-01
1.880860207442138499e-01
1.882018746682129484e-01
1.883410021231176346e-01
1.885025108465023524e-01
1.886855525078429963e-01
1.888893199444529325e-01
1.891130446102305129e-01
1.893559942178532352e-01
1.896174705570818630e-01
1.898968074736294975e-01
1.901933689946266048e-01
1.905065475881166648e-01
1.908357625452538897e-01
1.911804584749813019e-01
1.915401039019432872e-01
1.919141899592668732e-01
1.923022291686256879e-01
1.927037543006962228e-01
1.931183173097496264e-01
1.935454883366737044e-01
1.939848547752375529e-01
1.944360203968522327e-01
1.948986045295016678e-01
1.953722412868791058e-01
1.958565788441040956e-01
1.963512787566939199e-01
1.968560153197365936e-01
1.973704749644641099e-01
1.978943556896460565e-01
1.984273665254301100e-01
1.989692270274438235e-01
1.995196667991396555e-01
2.000784250405211739e-01
2.006452501215308104e-01
2.012198991785061064e-01
2.018021377322344045e-01
2.023917393262378572e-01
2.029884851840279836e-01
2.035921638841509951e-01
2.042025710519378701e-01
2.048195090669438778e-01
2.054427867851350287e-01
2.060722192749456505e-01
2.067076275663889129e-01
2.073488384124587414e-01
2.079956840621144665e-01
2.086480020441821293e-01
2.093056349615566025e-01
2.099684302951231596e-01
2.106362402168577563e-01
2.113089214116012637e-01
2.119863349070294223e-01
2.126683459113787034e-01
