-3.789639480411800820e-02
-5.470225906572752372e-02
-7.367280406645954072e-02
-8.324009332324343313e-02
-7.234773707819383559e-02
-6.185011729404724101e-02
-5.170719592380818019e-02
-4.188527782541107136e-02
-3.235568721283943461e-02
-2.309377934870002202e-02
-1.407818919102454824e-02
-5.290251049338667855e-03
3.286456044157198830e-03
1.166646901230072864e-02
1.986273015307074563e-02
2.788682178858817307e-02
3.574915830270214423e-02
4.345914465965625140e-02
5.102530828866325141e-02
5.845540960784578743e-02
6.575653526973268548e-02
7.293517731935850179e-02
7.999730078205841144e-02
8.694840168320028262e-02
9.379355710504683197e-02
1.005374685770779042e-01
1.071844998538284965e-01
1.137387099428326387e-01
1.202038820928248430e-01
1.265835493301880610e-01
1.328810170330902429e-01
1.390993829527847891e-01
1.452415550263060351e-01
1.513102672712218766e-01
1.573080940089762181e-01
1.632374626267319440e-01
1.691006650571862946e-01
1.748998681303300384e-01
1.806371229297483727e-01
1.863143732680203057e-01
1.919334633805128698e-01
1.974961449239011069e-01
2.030040833546996604e-01
2.084588637536435307e-01
2.138619961536453173e-01
2.192149204220862346e-01
2.245190107421713432e-01
2.297755797328728256e-01
2.349858822424589211e-01
2.401511188466716185e-01
2.452724390791800602e-01
2.503509444189346289e-01
2.553876910564155112e-01
2.603836924584534418e-01
2.653399217492609097e-01
2.702573139235248112e-01
2.751367679058108751e-01
2.799791484691262489e-01
2.847852880242386364e-01
2.895559882902375981e-01
2.942920218558264245e-01
2.989941336399630778e-01
3.036630422596608425e-01
3.082994413120684896e-01
3.129040005772973365e-01
3.174773671479121373e-01
3.220201664904664418e-01
3.265330034440248608e-01
3.310164631601755780e-01
3.354711119886741311e-01
3.398974983125147564e-01
3.442961533359077397e-01
3.486675918283767550e-01
3.530123128279219480e-01
3.573308003059682547e-01
3.616235237966076155e-01
3.658909389924500100e-01
3.701334883092273764e-01
3.743516014211232812e-01
3.785456957686699764e-01
3.827161770409064911e-01
3.868634396333756054e-01
3.909878670834250891e-01
3.950898324841696785e-01
3.991696988783809963e-01
4.032278196334819209e-01
4.072645387987408605e-01
4.112801914456872265e-01
4.152751039927037868e-01
4.192495945146837433e-01
4.232039730385842025e-01
4.271385418256553046e-01
4.310535956410672109e-01
4.349494220116220666e-01
4.388263014721829891e-01
4.426845078014214896e-01
4.465243082474411040e-01
4.503459637438074759e-01
4.541497291164740546e-01
4.579358532820701488e-01
