2.562154325614457440e-01
2.485305224133487478e-01
2.409549525652720792e-01
2.334841846577271063e-01
2.261139858595362651e-01
2.188404008245321275e-01
2.116597268733620696e-01
2.045684919583385108e-01
1.975634350391509975e-01
1.906414885546724169e-01
1.837997627235565534e-01
1.770355314456846518e-01
1.703462196093594450e-01
1.637293916366378832e-01
1.571827411223127025e-01
1.507040814415588625e-01
1.442913372178190601e-01
1.379425365565322137e-01
1.316558039623371423e-01
1.254293538676349573e-01
1.192614847092306474e-01
1.131505734973602684e-01
1.070950708279880537e-01
1.010934962949372740e-01
9.514443426336835485e-02
8.924652997040913305e-02
8.339848592251894455e-02
7.759905856243795585e-02
7.184705518146952685e-02
6.614133105538347324e-02
6.048078678445414913e-02
5.486436582013101693e-02
4.929105216257764766e-02
4.375986821487534706e-02
3.826987278105239976e-02
3.282015919632838563e-02
2.740985357905764697e-02
2.203811319483120479e-02
1.670412492405740079e-02
1.140710382513590582e-02
6.146291786041563343e-03
9.209562577466579025e-04
-4.269610936496887055e-03
-9.426094721500494211e-03
-1.454915782512708478e-02
-1.776636866943633389e-02
-1.802245163512968679e-02
-1.827693650089655397e-02
-1.852985281321757952e-02
-1.878122921924424774e-02
-1.903109350466027777e-02
-1.927947262951829402e-02
-1.952639276218214384e-02
-1.977187931149607114e-02
-2.001595695729284016e-02
-2.025864967934322414e-02
-2.049998078484509961e-02
-2.073997293453970145e-02
-2.097864816753815947e-02
-2.121602792493572712e-02
-2.145213307228491240e-02
-2.168698392099442998e-02
-2.192060024871598720e-02
-2.215300131877658701e-02
-2.238420589871093630e-02
-2.261423227794363486e-02
-2.284309828466892650e-02
-2.307082130197229616e-02
-2.329741828323389496e-02
-2.352290576685395207e-02
-2.374729989033579070e-02
-2.397061640375929004e-02
-2.419287068267927249e-02
-2.441407774047535395e-02
-2.463425224018438511e-02
-2.485340850583959982e-02
-2.507156053334241505e-02
-2.528872200089088071e-02
-2.550490627898429480e-02
-2.572012644002779486e-02
-2.593439526755410632e-02
-2.614772526508178652e-02
-2.636012866462783544e-02
-2.657161743488947389e-02
-2.678220328911257858e-02
-2.699189769265984695e-02
-2.720071187029298940e-02
-2.740865681318273989e-02
-2.761574328565796418e-02
-2.782198183170612321e-02
-2.802738278123621460e-02
-2.823195625611511425e-02
-2.843571217598623788e-02
-2.863866026388072958e-02
-2.884081005163054851e-02
-2.904217088509062836e-02
-2.924275192917981728e-02
-2.944256217274729068e-02
-2.964161043327135162e-02
-2.983990536139947275e-02
