-3.951980462849215281e-02
-5.853505971840999161e-02
-8.230589272347943464e-02
-1.126187302894212650e-01
-1.262227677454080543e-01
-1.131487312094023312e-01
-1.072487079929947268e-01
-1.041682674359072913e-01
-1.024728396097770583e-01
-1.015500690873041706e-01
-1.010931465999811846e-01
-1.009311514219704969e-01
-1.009614629900120464e-01
-1.007447053576058515e-01
-9.667325189881145753e-02
-9.253038355827833406e-02
-8.831794329476741479e-02
-8.403758585938617132e-02
-7.969080129211780772e-02
-7.527893468635413199e-02
-7.080320292492509049e-02
-6.626470893901434400e-02
-6.166445392607602938e-02
-5.700334787457911334e-02
-5.228221867517782173e-02
-4.750182004469691299e-02
-4.266283844750287657e-02
-3.776589916568545702e-02
-3.281157164305473217e-02
-2.780037420670561366e-02
-2.273277825274588881e-02
-1.760921196881465312e-02
-1.243006365460530560e-02
-7.195684692204828981e-03
-1.906392210311746993e-03
3.437528520061905457e-03
8.835821926167997109e-03
1.428826018266204922e-02
1.979464144536846604e-02
2.535478824894837890e-02
3.096854605046439612e-02
3.663578190314414895e-02
4.235638324662605037e-02
4.813025680166499454e-02
5.395732755872689745e-02
5.983753785115997204e-02
6.577084650471964888e-02
7.175722805615619704e-02
7.779667203440865375e-02
8.388918229864650300e-02
9.003477642804069703e-02
9.623348515868079822e-02
1.024853518635450156e-01
1.087904320718479090e-01
1.151487930244673996e-01
1.215605132624776874e-01
1.280256822461215416e-01
1.345444000017935737e-01
1.411167767948564022e-01
1.477429328263124564e-01
1.544229979515305828e-01
1.611571114194034204e-01
1.679454216304461789e-01
1.747880859124970598e-01
1.816852703127730950e-01
1.886371494051742315e-01
1.956439061117942191e-01
2.027057315377071567e-01
2.098228248181618349e-01
2.169953929774010581e-01
2.242236507983768612e-01
2.315078207026955437e-01
2.388481326401757365e-01
2.462448239874729383e-01
2.536981394552298430e-01
2.612083310032800032e-01
2.687756577634788369e-01
2.764003859697315990e-01
2.840827888948560531e-01
2.918231467939236268e-01
2.996217468537717421e-01
3.074788831483689644e-01
3.153948565997705678e-01
3.233699749444138294e-01
3.314045527045012540e-01
3.394989111642658375e-01
3.476533783509125342e-01
3.558682890200468019e-01
3.641439846454129214e-01
3.724808134127963188e-01
3.808791302179116989e-01
3.893392966681747391e-01
3.978616810882012467e-01
4.064466585289253087e-01
4.150946107802348517e-01
4.238059263870115889e-01
4.325810006684840947e-01
4.414202357408233968e-01
4.503240405428788340e-01
4.592928308649973368e-01
