-3.951980462849268710e-02
-5.853505971841245492e-02
-8.230589272347510477e-02
-1.126187302894237768e-01
-1.262227677454079156e-01
-1.131487312094020536e-01
-1.072487079929918818e-01
-1.041682674358851146e-01
-1.024728402877279065e-01
-1.015887240861333557e-01
-1.124881687392844526e-01
-6.761531029127630654e-02
-5.272509323031746020e-02
-4.525369121670976685e-02
-4.082613453499282091e-02
-3.796491190986883701e-02
-3.602001641034559970e-02
-3.465811774312804738e-02
-3.368990576615769894e-02
-3.299965097161064453e-02
-3.251253970248618036e-02
-3.217803434847853888e-02
-3.196076064064629074e-02
-3.183522064181241312e-02
-3.178257698049431063e-02
-3.178861821146609229e-02
-3.184242766358760107e-02
-3.193548710351550024e-02
-3.206105788192727818e-02
-3.221374416455730777e-02
-3.238917861689644129e-02
-3.258379225373813498e-02
-3.279464327424554820e-02
-3.301928796617708411e-02
-3.325568209309098106e-02
-3.350210468928187940e-02
-3.375709854403399074e-02
-3.401942326651837684e-02
-3.428801793959207478e-02
-3.456197115716221069e-02
-3.484049680090340467e-02
-3.512291431750103055e-02
-3.540863255387401154e-02
-3.569713642668335962e-02
-3.598797586572335949e-02
-3.628075659377005130e-02
-3.657513239889364359e-02
-3.687079862681654635e-02
-3.716748667614493129e-02
-3.746495932226431846e-02
-3.776300672933834840e-02
-3.806144303634000081e-02
-3.836010342409337109e-02
-3.865884158705033824e-02
-3.895752754698641324e-02
-3.925604575662836049e-02
-3.955429345003882297e-02
-3.985217920370255629e-02
-4.014962167813891647e-02
-4.044654851465667028e-02
-4.074289536583625831e-02
-4.103860504160881939e-02
-4.133362675553550053e-02
-4.162791545815645866e-02
-4.192143124619875788e-02
-4.221413883803992739e-02
-4.250600710714372982e-02
-4.279700866637337064e-02
-4.308711949701581057e-02
-4.337631861719242615e-02
-4.366458778503552740e-02
-4.395191123260688837e-02
-4.423827542703909904e-02
-4.452366885585002515e-02
-4.457146099498199981e-02
-4.447002487207642185e-02
-4.437366902143973640e-02
-4.428220197377850248e-02
-4.419544148176017540e-02
-4.411321397223319507e-02
-4.403535403722689395e-02
-4.396170396053992319e-02
-4.389211327703600174e-02
-4.382643836202409354e-02
-4.376454204834449857e-02
-4.370629326898971961e-02
-4.365156672328743964e-02
-4.360024256484137245e-02
-4.355220610958850797e-02
-4.350734756246480567e-02
-4.346556176130482452e-02
-4.342674793671727485e-02
-4.339080948677447730e-02
-4.335765376546332761e-02
-4.332719188391473408e-02
-4.329933852352028240e-02
-4.327401176011451411e-02
-4.325113289845385761e-02
-4.323062631630100044e-02
-4.321241931746388348e-02
