-3.951980462849267323e-02
-4.456595187358197707e-02
-4.983764908367272622e-02
-5.537920484466551940e-02
-6.124659838405757672e-02
-6.751101099404241412e-02
-7.426196702262823079e-02
-8.160524358966618486e-02
-8.963711347010659691e-02
-9.338959080270312074e-02
-9.035625536003380476e-02
-8.733996840706205467e-02
-8.434005330346437679e-02
-8.135587032595530121e-02
-7.838681390906369895e-02
-7.543231014480258900e-02
-7.249181451214897765e-02
-6.956480981109959549e-02
-6.665080427920928863e-02
-6.374932987133891116e-02
-6.085994068565894755e-02
-5.798221152101398074e-02
-5.511573655252899329e-02
-5.226012811380143647e-02
-4.941501557540875500e-02
-4.658004431015757424e-02
-4.375487472848652720e-02
-4.093918121197463039e-02
-3.813264789873832550e-02
-3.533490943283550817e-02
-3.254465143855977266e-02
-2.974835640833775260e-02
-2.683439434326696099e-02
-2.356084670640097578e-02
-2.061415726989994715e-02
-1.864662374026410802e-02
-1.736227952626530346e-02
-1.647398257985529038e-02
-1.582820090851548914e-02
-1.534144000168402404e-02
-1.496480607993741323e-02
-1.466772592922219176e-02
-1.443005282531822572e-02
-1.423794281408095538e-02
-1.408155365216857968e-02
-1.395368825645452657e-02
-1.384895763808461321e-02
-1.376324424705333005e-02
-1.369334655946805555e-02
-1.363673703757033867e-02
-1.359139325394504404e-02
-1.355567753172210767e-02
-1.352824953377177591e-02
-1.350800170745780973e-02
-1.349401088596489245e-02
-1.348550150632402481e-02
-1.348181730913228411e-02
-1.348239931799999174e-02
-1.257402379385556650e-02
-1.159096667868077593e-02
-1.066461934540146282e-02
-9.790514931219141889e-03
-8.964687141431235476e-03
-8.183597316580831782e-03
-7.444074375311146921e-03
-6.743265002450476477e-03
-6.078592055666870268e-03
-5.447719615171212754e-03
-4.848523441317215826e-03
-4.279065864161503939e-03
-3.737574328085563943e-03
-3.222422968761933047e-03
-2.732116719974933983e-03
-2.265277542333357045e-03
-1.820632440685011682e-03
-1.397002996583845665e-03
-9.932961898750536801e-04
-6.084963218917891934e-04
-2.416578839452436555e-04
1.081007598832130326e-04
4.416029858054574251e-04
7.596189123633945682e-04
1.062869870396990516e-03
1.352032408193584376e-03
1.627741889289979586e-03
1.890595732222380291e-03
2.141156334648573138e-03
2.379953718466260200e-03
2.607487927655532164e-03
2.824231206395660075e-03
3.030629981476571418e-03
3.227106669970130140e-03
3.414061330545789443e-03
3.591873174558090839e-03
3.760901951125439780e-03
3.921489218735193377e-03
4.073959514465081040e-03
4.218621430668501385e-03
4.355768607851142130e-03
4.485680651528876559e-03
