1.476917226010647337e-02
1.684275629370940788e-02
1.785478588435674210e-02
1.721526931324555629e-02
2.010709003715909979e-02
2.368579893004391437e-02
2.403031964175364465e-02
2.187706519356783300e-02
3.253567471208759776e-02
4.013666291418351018e-02
3.387069246996279870e-02
2.616204154545759622e-02
2.618357408993945631e-02
1.848999594657155590e-02
2.048175631114343073e-02
2.138612317938146795e-02
1.249102905392588704e-02
1.193333615184576091e-02
1.303149592042052510e-02
1.431268231709108274e-02
8.903707143248326683e-03
1.666403617450998645e-02
2.077244566164851425e-02
1.774066339860289401e-02
1.318868349513808991e-02
1.703654919404613138e-02
1.077703851316998140e-02
1.808518411031262083e-02
1.537208350559850049e-02
1.428038350036829433e-02
1.971304447314109476e-02
1.989607110123688821e-02
3.443053862649111257e-02
2.179093501564040303e-02
3.918923095698174930e-02
4.476615997778300021e-02
4.991243810894708394e-02
3.529184040576543308e-02
4.373259784265381284e-02
3.122218949869425345e-02
2.357813620763462431e-02
3.178203565522256385e-02
3.296632560172475801e-02
2.799230782641553769e-02
2.224311844975942337e-02
2.682955042439520016e-02
2.379346165245320444e-02
2.779851492607881419e-02
2.551606521100185584e-02
1.796029535231784269e-02
1.557664267817615231e-02
1.060262490286693025e-02
1.501033675830328561e-02
8.451523709129306339e-03
1.842539831312597909e-02
1.463136397542258264e-02
5.624300618661337049e-03
7.280153289316225636e-03
5.643679908695009399e-03
5.094600024407627305e-03
1.133903792414647782e-02
1.222187224790266015e-02
1.848138292877881186e-02
2.342740839626161753e-02
1.279679118556827089e-02
2.368579893004391437e-02
3.132985222110354351e-02
2.874594688328057160e-02
2.833682853812526450e-02
3.507651496094685295e-02
3.195429601107743073e-02
3.888777533423573574e-02
4.220378718444188493e-02
4.035198835900209030e-02
4.790991147213428253e-02
3.669145579708620736e-02
4.558439666809360746e-02
2.680801787991334006e-02
3.393529010340837204e-02
1.707746102856166209e-02
1.679107818695295060e-02
2.036548057094139663e-02
1.217234739559438714e-02
1.500818350385509960e-02
1.116677756829161268e-02
8.274956844378069179e-03
1.278817816777552858e-02
1.391648349862489344e-02
9.999713657374903128e-03
1.532040539884204147e-02
1.168786514475258012e-02
1.794737582562873357e-02
2.364273384108019765e-02
1.779234150535935130e-02
2.047744980224705871e-02
1.893571961734601822e-02
3.419368063719067236e-02
2.702334332473192019e-02
3.193276346659557063e-02
2.853062143846198800e-02
3.272946761242431779e-02
