8.819858449242235290e-03
1.005816194634389336e-02
1.066252606227097340e-02
1.028061937624896727e-02
1.200755769048315880e-02
1.414469207488913520e-02
1.435043305052388640e-02
1.306455195280669182e-02
1.942966338650680205e-02
2.396882366144850035e-02
2.022690966709146318e-02
1.562345533726390914e-02
1.563631414824108098e-02
1.104186098609754620e-02
1.223130100148595023e-02
1.277137106252717279e-02
7.459396247857442985e-03
7.126353043548690029e-03
7.782152403384459162e-03
8.547251656526189817e-03
5.317118339060598192e-03
9.951433815233366037e-03
1.240489494967777183e-02
1.059437436409196333e-02
7.876021723517813780e-03
1.017389124513843994e-02
6.435834894074557097e-03
1.080011533972671280e-02
9.179905156603048594e-03
8.527963440060432054e-03
1.177224144960091305e-02
1.188154134290687371e-02
2.056123875249793453e-02
1.301311670889800445e-02
2.340303597845293238e-02
2.673346802154046714e-02
2.980672384508456160e-02
2.107559119158481167e-02
2.611624509463621180e-02
1.864527591689931624e-02
1.408039802000327599e-02
1.897960500230578412e-02
1.968683960605024236e-02
1.671645427032352263e-02
1.328315173941861486e-02
1.602207847755623971e-02
1.420898612977499614e-02
1.660072497152897605e-02
1.523769100794875042e-02
1.072553423605911507e-02
9.302063860886182825e-03
6.331678525159463965e-03
8.963877132186560612e-03
5.047083308539986914e-03
1.100328455316603067e-02
8.737562058988334115e-03
3.358721427237310909e-03
4.347563991381832998e-03
3.370294357116765654e-03
3.042394677198881521e-03
6.771449860578744248e-03
7.298661110642794096e-03
1.103671746170667781e-02
1.399038634316307310e-02
7.641991363733284699e-03
1.414469207488913520e-02
1.870956997178517545e-02
1.716651265452454056e-02
1.692219524595827557e-02
2.094700308181309326e-02
1.908247549012316233e-02
2.322301262477252659e-02
2.520326951525700410e-02
2.409741177122021877e-02
2.861085442420756991e-02
2.191141390510098833e-02
2.722210283867300060e-02
1.600921966657906786e-02
2.026548610002297870e-02
1.019832298599506609e-02
1.002730079999867956e-02
1.216186342220922263e-02
7.269085845395298687e-03
8.962591251088843081e-03
6.668579372761368647e-03
4.941641058527177117e-03
7.636847839342416309e-03
8.310649534546226541e-03
5.971631817798649794e-03
9.149044010257836521e-03
6.979762598408929646e-03
1.071781894947281509e-02
1.411897445293479152e-02
1.062523551043717540e-02
1.222872923929051690e-02
1.130803837332500575e-02
2.041979183174904428e-02
1.613780777635078628e-02
1.906961667914599048e-02
1.703792454475282214e-02
1.954539268530135210e-02
