4.249038211289278277e-01
3.993906932479470151e-01
4.121472571884374214e-01
4.407314097217585602e-01
3.855317102014882980e-01
3.610422572046208534e-01
3.527741139098585776e-01
2.539501154819852613e-01
2.590684899025523791e-01
3.148193989758067968e-01
2.822980353497417383e-01
2.397761555481069951e-01
2.411148073196399400e-01
2.541076039256949803e-01
2.396974113262521078e-01
2.126881432300285757e-01
2.309568027003605362e-01
2.427684359785924062e-01
3.148981431976616840e-01
7.084617640283475959e-01
6.532620645080773336e-01
4.377391292912731768e-01
7.057057162634269298e-01
5.560916947391565390e-01
5.976686438785326905e-01
6.204257239945927260e-01
4.349043373044975125e-01
8.701236514964145741e-01
8.968966869270734721e-01
5.567216485139955262e-01
4.465584821390196080e-01
3.364740599858985770e-01
2.746598458298184497e-01
2.405635977666557845e-01
2.858415253332112771e-01
2.995430199359602752e-01
3.067874883466091274e-01
2.930859937438601848e-01
2.764709629324806905e-01
2.964719952836199490e-01
3.020628350353163905e-01
2.753685438265123797e-01
2.663129583132012868e-01
2.414297842070594613e-01
2.224524267400335709e-01
2.341853157964105814e-01
3.138744683135482605e-01
3.983670183638335915e-01
4.526217872218453175e-01
4.243526115759436723e-01
5.096326038447778206e-01
3.734051000358368788e-01
3.946660399366542782e-01
5.096326038447778206e-01
5.014432047718704322e-01
4.875054775035567722e-01
5.234915868912365378e-01
2.971806932803138790e-01
3.381276886448510433e-01
3.266310322540386668e-01
5.423902001364074854e-01
3.134807472042738796e-01
3.129295376512897242e-01
3.307257317904924165e-01
1.522125808454813933e-01
2.204050769718067238e-01
2.326104313593129747e-01
2.632419336608609606e-01
2.573361170217450256e-01
2.745023573861086752e-01
3.108034436612079898e-01
3.663181200688977457e-01
3.027715330320103204e-01
2.883613404325673923e-01
2.668641678661853867e-01
2.493042063925473562e-01
2.347365253493947368e-01
2.355239675679435263e-01
4.173443758308594820e-01
4.395502463939353621e-01
4.236439135792497979e-01
3.796258935623723629e-01
3.826181739928577463e-01
4.411251308310329411e-01
3.889964559631029495e-01
4.590000691920905207e-01
4.473459243575684252e-01
4.989233896725142614e-01
4.451410861456318036e-01
3.169454929658885312e-01
3.619084436450245579e-01
3.726964020391430044e-01
3.161580507473397694e-01
3.877365484134249196e-01
3.271034975851679349e-01
2.766284513761904096e-01
2.671791447536049358e-01
2.059161401505089639e-01
2.333191293560069046e-01
2.605646301177950708e-01
2.508003466077900478e-01
