3.023813583055058318e-01
2.367969852672981157e-01
2.493848065180250262e-01
2.806719274528028385e-01
2.278578078573615662e-01
3.042056802259010539e-01
2.775705801881310220e-01
2.897023209587591408e-01
3.763576121775315531e-01
3.830163871869740611e-01
3.819217940347369722e-01
3.212630901815962670e-01
3.694251888800297867e-01
3.540096686526902348e-01
3.504522409079195988e-01
3.606684436621327428e-01
3.169759336686674978e-01
2.647091106493447699e-01
2.152699866066346279e-01
3.469860292591687156e-01
3.832900354750333749e-01
5.054283880454926159e-01
4.264352488923800477e-01
3.710670786083854478e-01
4.989520452280896134e-01
4.707662715579836177e-01
5.019621763967416772e-01
4.599115561316321488e-01
5.034216339330578327e-01
3.710670786083854478e-01
4.039048731754992239e-01
3.200772809333393698e-01
3.562900710531842763e-01
3.711582947044052005e-01
3.843846286272704638e-01
4.137562115456333567e-01
4.428541461759369358e-01
4.121143218172776401e-01
4.049082502317165599e-01
3.971548820700369631e-01
3.947832635735231688e-01
4.008947420068471046e-01
3.852055734914483498e-01
3.475333258352872878e-01
3.373171230810740884e-01
3.821042262267764777e-01
3.449792751467339880e-01
4.044521697516177960e-01
3.943271830934243494e-01
3.101347264671854842e-01
3.803711204024010084e-01
4.623743907241656403e-01
5.197493151205949680e-01
4.341886170540597001e-01
3.790940950581243585e-01
4.169487749063249815e-01
5.058844685255914353e-01
4.579048020191973656e-01
4.387494218550477276e-01
3.339421275283429580e-01
4.140298598336926150e-01
4.574487215390986017e-01
4.047258180396770544e-01
4.261616006043207339e-01
3.146043151721537590e-01
3.721616717606225921e-01
3.802799043063812556e-01
4.211447153232339424e-01
4.011683902949064184e-01
3.820130101307567250e-01
4.120231057212578873e-01
4.484183280331422994e-01
4.323642951336644780e-01
4.293541639650123587e-01
3.828339549949345555e-01
3.932325899411872605e-01
3.495400799477220155e-01
3.868474632198040108e-01
4.336413204779411279e-01
4.368338838386327527e-01
3.503610248118998460e-01
4.138474276416531095e-01
4.568102088669602767e-01
4.651108736047584458e-01
4.806176099281177505e-01
4.070974365361908487e-01
3.808272008824998278e-01
4.503338660495572743e-01
4.313609180774470864e-01
3.981582591262542992e-01
3.829251710909543083e-01
3.296549710154142443e-01
2.671719452418783169e-01
3.368610426009752690e-01
3.164286370925489811e-01
3.030198709776441568e-01
3.590265539337770817e-01
3.041144641298813012e-01
3.309319963596908387e-01
3.437934658984770908e-01
3.620366851024292010e-01
