7.530298435752066366e-01
6.607360718195522953e-01
6.829620888565981485e-01
7.468846918875764462e-01
6.449231626370418580e-01
7.017676497893124976e-01
6.496397465430679974e-01
5.690200070382088748e-01
6.601061159288660329e-01
7.212593910239351036e-01
6.904881054732096013e-01
5.882028285438576365e-01
6.446958691849469236e-01
6.279591721661885728e-01
6.135014330079724409e-01
5.984654951008211432e-01
5.666596199632424335e-01
5.189331810362068920e-01
5.495952811655065995e-01
1.074921415038260886e+00
1.094854944113688999e+00
9.656291851345614186e-01
1.171050758990436202e+00
9.476280915328656462e-01
1.162532649490582548e+00
1.108798259370934458e+00
9.481692400262987652e-01
1.354599455535842267e+00
1.430677084648804831e+00
9.537598660733253020e-01
8.725525082691512058e-01
6.696095203783573035e-01
6.552967107033010885e-01
6.216051875816783756e-01
6.857675265215283922e-01
7.339255922480196759e-01
7.660383014368512544e-01
7.241808728111626126e-01
7.046217201837844391e-01
7.141014576272072256e-01
7.194331681195695882e-01
6.951488521400716047e-01
6.670703943727457341e-01
6.111929042641282006e-01
5.792971592302817996e-01
6.379273171500641215e-01
6.865963609957945746e-01
8.349397263779374523e-01
8.762098028123886939e-01
7.647974446004079940e-01
9.467841164100460061e-01
8.734220097365099633e-01
9.459977252056439578e-01
9.709172849705508535e-01
9.194297356073567462e-01
9.359674636844401707e-01
1.071708666795886167e+00
7.699886175619476969e-01
8.064586570236121910e-01
7.007312302864701081e-01
9.949822826265364295e-01
7.949475528965244120e-01
7.358783772527753841e-01
8.503138637115272847e-01
4.866752652581999850e-01
6.146409354880794096e-01
6.318040575613594889e-01
7.042213729970435709e-01
6.725552737945795778e-01
6.759045225007506152e-01
7.390825066908136565e-01
8.389607787781541148e-01
7.537759898123612690e-01
7.393989981871015305e-01
6.595253118102555323e-01
6.530579317101133929e-01
5.980597570023742371e-01
6.352851761758658844e-01
8.726804660016652671e-01
8.832526246527480085e-01
7.915301523830552410e-01
8.090309242320051775e-01
8.584388041689994253e-01
9.184081712473940451e-01
8.869032034704116274e-01
8.943767879241060204e-01
8.395281307533539739e-01
9.653400766600003235e-01
8.887636607039390846e-01
7.326526454810684541e-01
7.659399189519622286e-01
7.234506383733021462e-01
5.962292877194153018e-01
7.406000455139579719e-01
6.557458514846680186e-01
5.952052761631368982e-01
6.401143546137859630e-01
5.206507625897618396e-01
5.900997331836494997e-01
6.225533720219765810e-01
6.333184458645834125e-01
