8.239618716000943199e-02
1.206872547028702142e-01
1.279951205263743785e-01
1.202573802426640803e-01
1.355179235799816029e-01
1.181080079416334527e-01
9.772121166635786005e-02
1.091881128923563038e-01
5.135925113312704571e-02
6.007495581380627864e-02
5.579770493475531834e-02
6.560958948896015996e-02
5.912923200135279667e-02
5.651774465560057553e-02
5.790408978976533533e-02
4.605030154958137528e-02
7.445425650770123860e-02
8.841442960289520869e-02
8.349236703353506150e-02
1.027722365737798599e-01
9.203612193013183118e-02
8.922044421578170792e-02
9.840901080268767143e-02
8.276158045118464646e-02
8.960733122996721034e-02
9.016616802823518295e-02
9.391682269353364421e-02
1.046959247832022766e-01
1.243411876146222894e-01
1.067378284691813811e-01
9.854872000225466111e-02
1.006121174112440675e-01
6.304108958922854944e-02
4.325611755824154692e-02
6.700668148463008456e-02
6.593199533411475688e-02
7.177828799291809114e-02
7.572238616530931055e-02
7.426081300060848045e-02
6.120337627184736090e-02
7.181052857743354390e-02
7.368048247933020600e-02
6.865095129491850801e-02
6.212760636129053410e-02
3.932276624735548537e-02
3.677576007063418362e-02
7.201471894603146684e-02
8.573846108811207511e-02
9.109039811767835615e-02
8.743646520592626703e-02
9.815108612656399389e-02
1.002574709815740178e-01
1.059425607178000467e-01
1.048248871212641153e-01
9.892486015493502649e-02
9.086471402607013137e-02
8.840368274139005778e-02
9.336873275677082251e-02
1.076835522816348700e-01
9.030587722780217264e-02
1.071784497908926659e-01
8.300875826580315919e-02
1.096179873525624376e-01
5.484123426079667851e-02
3.029540258302681338e-02
5.659297268613664583e-02
5.241244356063205767e-02
5.752794963708496995e-02
5.836620483448692193e-02
5.017709636756019498e-02
5.008037461401382284e-02
5.186435362386924985e-02
5.351937029566283810e-02
6.122486999485766967e-02
5.761392452912619810e-02
5.436837235456994100e-02
4.753336843729251415e-02
3.204714100836678070e-02
9.927950658460507616e-02
9.218657799120398566e-02
8.947836889190537157e-02
9.430370970771916050e-02
1.219768780834885880e-01
1.274577774511167216e-01
1.232665014641069756e-01
9.119786673272989308e-02
8.192332525378269448e-02
9.268093362044102501e-02
1.112300165783354083e-01
1.026217805127077193e-01
1.078984895117379300e-01
9.706565311454352918e-02
8.443809084598853654e-02
1.064799037930577036e-01
8.684538782314285554e-02
9.916129110804838831e-02
4.548071788980825869e-02
3.837704243490200340e-02
6.523344933627980846e-02
6.866169815642367280e-02
6.370739500254804510e-02
