2.006841645166427823e-01
1.519579433301712634e-01
2.516902850622201870e-01
2.074708416786323062e-01
1.875879984306161596e-01
2.379578679922570161e-01
1.279394686865677755e-01
2.088493854771614200e-01
2.302698352696907758e-01
2.321255673061722868e-01
2.863659636867603164e-01
2.526976824534529764e-01
2.835558551743739830e-01
2.738000067540141136e-01
2.707778145803156344e-01
2.754966760445115015e-01
2.256039947208230145e-01
2.680207269832574069e-01
2.081601135778968492e-01
5.455852187255625374e-01
3.591106595168352955e-01
1.746508950905736601e-01
2.585299831395377335e-01
3.719947419415497447e-01
1.467088727126950043e-01
1.460196008134304335e-01
1.211527915245782794e-01
2.646804093175906814e-01
1.199863313873613252e-01
1.126694450720913954e-01
9.586181491310176439e-02
7.126011020088980630e-02
1.447470988455574203e-01
1.931021736247326426e-01
2.229529489544208598e-01
2.262402457047595072e-01
2.364732823630718295e-01
2.362081777864316057e-01
2.406619346739872212e-01
2.701945845117071920e-01
2.675435387453050096e-01
2.374806797543046466e-01
2.093265737151137895e-01
1.600171224600338005e-01
1.602292061213459740e-01
2.310651489996114472e-01
1.186608085041602478e-01
1.532834662133723269e-01
2.832907505977337870e-01
2.812759558152681527e-01
2.427297503717809057e-01
5.273460238527157840e-01
6.685937422866223834e-01
5.218318486585993288e-01
4.873682536953713451e-01
8.085689587526558864e-01
3.959601956698252101e-01
3.585804503635548479e-01
2.701945845117071920e-01
2.834498133437179379e-01
3.044460958136229745e-01
2.511600759089397394e-01
1.803771539460023166e-01
1.513747132615627933e-01
2.374276588389765963e-01
1.945867592539178570e-01
1.940565501006374094e-01
1.987223906495051984e-01
1.890195631444733237e-01
1.906632115196426613e-01
2.173857528449763266e-01
2.656878067088235262e-01
2.351477594798707382e-01
2.243845136682780239e-01
2.143105397559498526e-01
2.467593399367121743e-01
2.083191763238809724e-01
1.883302912452087807e-01
2.144165815866059255e-01
2.833967924283898876e-01
2.059332351341190415e-01
2.145226234172620261e-01
1.818617395751875310e-01
2.040775030976375304e-01
2.242254509222938730e-01
2.540232053366540677e-01
2.820182486298607460e-01
3.008406735713160529e-01
3.358344776878244287e-01
3.550280490365759767e-01
2.742241740766384606e-01
1.549271145885416645e-01
1.197212268107211153e-01
1.727951630540921768e-01
9.777056786491131191e-02
1.529653407214040806e-01
1.301133262150175329e-01
1.494129393944252093e-01
1.833463252043727176e-01
1.960183239677749933e-01
2.259221202127912609e-01
