1.592750792883575461e-01
1.479086304482338521e-01
1.901889242229614641e-01
2.017725663530238467e-01
1.669492421995238396e-01
1.558723844126517211e-01
1.544244291463939267e-01
7.355612752589602010e-02
5.231462376989415991e-02
6.392722500528168206e-02
4.894088799951349517e-02
4.721058145633542924e-02
5.476166816986983293e-02
5.192367584800455793e-02
6.174805232956370044e-02
5.277072967876536569e-02
1.539900425665165773e-01
1.552932023061485978e-01
1.648497070634500627e-01
2.536093648850529236e-01
2.124150375600186436e-01
2.413017451218616716e-01
2.268221924592837002e-01
2.011209864832078364e-01
1.808496127555986877e-01
1.870758204005072145e-01
1.665148556196465179e-01
2.492654990862795406e-01
2.419533249916776818e-01
1.929400392288512789e-01
1.838179210514271633e-01
1.371213637146132536e-01
7.681402687497607129e-02
6.704032882773594548e-02
5.888110090237326510e-02
6.455708554610382899e-02
6.606295902301193013e-02
5.555080378998033391e-02
5.753450250475351802e-02
5.608654723849571672e-02
6.284849833191961943e-02
5.664401001600496977e-02
6.226931622541651001e-02
6.713444592004269573e-02
5.564492088228709110e-02
5.570283909293740482e-02
1.029496194309292845e-01
1.900441286963356902e-01
1.755645760337577466e-01
1.501529611109334306e-01
1.797636463059053558e-01
1.889581622466423583e-01
1.822975680218564820e-01
2.021345551695882814e-01
1.594198748149833200e-01
1.843247053946173997e-01
2.657721891216184296e-01
2.395641988023523017e-01
2.370302770864011754e-01
2.305868761515539878e-01
2.633830629322930772e-01
1.979354848974406722e-01
1.750577916905675102e-01
8.108549491043656743e-02
4.374996836997929739e-02
5.282140811308438932e-02
5.239426130953833693e-02
4.667483800782004644e-02
4.359069329069094334e-02
4.374272859364800731e-02
4.817347170839686443e-02
4.979518160660559994e-02
4.475629728002846613e-02
4.180246853686256370e-02
4.490109280665424696e-02
4.481421549067877985e-02
4.611013545397950331e-02
6.063312677454520128e-02
1.246689484247962137e-01
1.506597454541236392e-01
1.287232231703180352e-01
1.631845585072535798e-01
2.145145726960924482e-01
2.192204273114302937e-01
2.245054640332712348e-01
2.145869704594053351e-01
1.960531430513055562e-01
2.410121540686100960e-01
2.043788858322878876e-01
1.599990569214864433e-01
1.855554673709365332e-01
1.647049115368242611e-01
1.265512902709313436e-01
1.764333491935124176e-01
1.412480362234479758e-01
1.055559389101933115e-01
6.368831238634914405e-02
5.872182582308491106e-02
5.159788591309655281e-02
5.631822008109696465e-02
4.840514455099811236e-02
