5.492977707542850974e-01
5.435283014855984973e-01
7.227505177867689090e-01
7.060071506331880853e-01
6.792619093078554604e-01
7.063328997588508296e-01
4.985255147160230771e-01
5.302278503757984485e-01
3.892012052309762327e-01
4.237640463554326886e-01
4.592477853814643796e-01
4.347150145941162114e-01
4.636102715783444461e-01
4.483547681976104982e-01
4.599105827275475344e-01
4.419345204835346541e-01
5.511990587292443511e-01
6.492696144440772699e-01
5.954004719369119236e-01
1.054202836207614347e+00
7.728508617145050108e-01
5.891318579337609940e-01
7.290044370813660857e-01
8.230628951504835866e-01
5.197478268548243463e-01
5.472152385202493363e-01
4.837730862189471015e-01
7.330872800264325306e-01
6.318493729317766761e-01
5.650063270042395835e-01
5.152182224439894043e-01
4.072385816269198378e-01
3.816119605404896253e-01
3.430044542112454242e-01
4.092356645022730555e-01
4.170235970223156730e-01
4.395178530969188757e-01
4.264417183193221494e-01
4.362753063179971025e-01
4.443175399290548722e-01
4.606203946784699355e-01
4.284483957506697860e-01
4.010452562199914306e-01
3.542453927916886514e-01
3.120405082684573617e-01
3.702217296877886032e-01
3.469532910127529624e-01
5.309845714571976849e-01
6.869246958088817134e-01
6.684240341601282998e-01
6.872283818734716832e-01
9.595528564045414655e-01
1.094485969295485361e+00
9.605190596686231652e-01
9.216970111469826588e-01
1.240567821303089513e+00
8.708887651549882536e-01
8.054515713893889428e-01
7.394468953488007035e-01
7.440121466656373084e-01
8.127404649784036872e-01
6.621493347091284010e-01
5.813089779253407530e-01
3.785980052698664222e-01
3.460484943607210484e-01
3.569371723500844862e-01
3.592104027230221819e-01
3.645817020838465483e-01
3.484747523163249650e-01
3.407779614613512531e-01
3.667219009675765085e-01
4.182490451069929005e-01
3.905308256217667195e-01
3.818796481802277376e-01
3.730252940511164517e-01
4.029008784146092537e-01
3.516888147346853843e-01
3.205770427125224642e-01
5.454582719045185657e-01
6.261331181798155399e-01
5.496418089987029632e-01
5.832230099854864847e-01
6.344835849128747096e-01
6.497850690711315380e-01
6.552536073315894383e-01
6.934258485926607651e-01
7.108497223631613515e-01
7.846744326245154166e-01
7.635327693019157147e-01
7.145166772698972046e-01
6.990625953504694401e-01
5.525459033977455636e-01
4.578189707035448808e-01
6.078221695536659697e-01
4.642070169191214735e-01
4.787447080461637028e-01
2.945179471873972665e-01
2.854539783785397522e-01
3.680010958365310669e-01
3.976966279274029570e-01
4.060862976179218653e-01
