1.020977482441752168e-02
6.808967581858570844e-03
6.610433969860534525e-03
7.709721932590400846e-03
8.250174543029498847e-03
6.393517616010827888e-03
5.606736264759351780e-03
8.915629798059952760e-03
1.071713849952361450e-02
8.250174543029498847e-03
7.831048028811422174e-03
7.577366191258376633e-03
5.974391101792752082e-03
5.514822555501001922e-03
6.036892424088430471e-03
8.334735155547180405e-03
4.338327076994121477e-03
6.176601262161122118e-03
6.944999871560928774e-03
8.103112608216138033e-03
8.540621864285885892e-03
7.456040095037354438e-03
1.123553181974070760e-02
1.797464498256293175e-02
9.900944761309465186e-03
6.408223809492164490e-03
5.040547815727916027e-03
5.529528748982337656e-03
6.698671130748550667e-03
9.923004051531469222e-03
5.864094650682731905e-03
7.886196254366432262e-03
8.500179832212210670e-03
1.031639472715720728e-02
8.820039540431269184e-03
8.224438704437160227e-03
9.672998762348759133e-03
6.294250810011810596e-03
9.570055407979404655e-03
6.981765355264268544e-03
6.514843712231850083e-03
7.217064450965644633e-03
6.790584840006900526e-03
9.422993473166045575e-03
1.294145026357568402e-02
1.090096591804031421e-02
9.150928893761329716e-03
5.683943780536365904e-03
8.809009895320267167e-03
9.860502729235791700e-03
6.838379968821242313e-03
5.448644684834989815e-03
6.360428680677821835e-03
1.087155353107764101e-02
1.225761226669356066e-02
1.086787698270730816e-02
8.672977605617908370e-03
4.408181496030467300e-03
3.556325238624079635e-03
5.750121651202378011e-03
4.996429235283907956e-03
6.297927358382144312e-03
6.338369390455818667e-03
6.397194164381162472e-03
8.496503283841877821e-03
8.735478927913587627e-03
7.882519705996099413e-03
9.559025762868402637e-03
6.467048583417508295e-03
7.301625063483326190e-03
7.364126385779004580e-03
6.632493260082538561e-03
6.467048583417508295e-03
7.492805578740695076e-03
6.864115807413580066e-03
1.005168324449315885e-02
8.893570507837948724e-03
9.360492150870368053e-03
9.981828825456813895e-03
9.275931538352684760e-03
1.066199027396860441e-02
8.062670576142464546e-03
5.669237587055030170e-03
7.308978160223994491e-03
7.904578996218103448e-03
8.036934737550127661e-03
8.801656798579599733e-03
9.827413793902785646e-03
8.338411703917514989e-03
6.801614485117902544e-03
6.367781777418490136e-03
7.290595418372324173e-03
7.183975515632638580e-03
8.952395281763293397e-03
6.981765355264268544e-03
7.750163964664074333e-03
6.272191519789806560e-03
5.562617684315343709e-03
7.474422836889024757e-03
6.367781777418490136e-03
5.669237587055030170e-03
