-3.173665327080716358e-01 -3.951980462849268710e-02 -3.951980462849268710e-02 -1.456965733839031274e-01
-2.769738165523161211e-01 -5.853505971841245492e-02 -5.853505971841245492e-02 -1.429065009260948871e-01
-2.268628787587878837e-01 -8.230589272347510477e-02 -8.230589272347510477e-02 -1.399734089728960906e-01
-1.634959527785696254e-01 -1.126187302894237768e-01 -1.126187302894237768e-01 -1.369101599981994433e-01
-1.298126314081346488e-01 -1.298126314081346488e-01 -1.262227677454079156e-01 -1.337271518212737598e-01
-1.348461368720083597e-01 -1.348461368720083597e-01 -1.131487312094020536e-01 -1.304329331216705912e-01
-1.362410302836095377e-01 -1.362410302836095377e-01 -1.072487079929918818e-01 -1.270346331125268846e-01
-1.361821766787039978e-01 -1.361821766787039978e-01 -1.041682674358851146e-01 -1.235382698549094133e-01
-1.353932831624087840e-01 -1.353932831624087840e-01 -1.024728402877279065e-01 -1.199489778415949448e-01
-1.342856936882904362e-01 -1.342856936882904362e-01 -1.015887240861333557e-01 -1.163427878753144629e-01
-3.188135411671163544e-01 -1.129961394523206347e-01 -1.129961394523206347e-01 -1.124881687392844526e-01
-6.777197877039690121e-01 -6.761531029127630654e-02 -6.761531029127630654e-02 -1.062432298216189619e-01
-9.690448038548225007e-01 -5.272509323031746020e-02 -5.272509323031746020e-02 -1.009138118784168731e-01
-1.238484302166246165e+00 -4.525369121670976685e-02 -4.525369121670976685e-02 -9.627488987814146471e-02
-1.495311999996373098e+00 -4.082613453499282091e-02 -4.082613453499282091e-02 -9.219279336397709357e-02
-1.742952388725552693e+00 -3.796491190986883701e-02 -3.796491190986883701e-02 -8.857090457711710996e-02
-1.983119122454784611e+00 -3.602001641034559970e-02 -3.602001641034559970e-02 -8.533501665760417909e-02
-2.216846912545200610e+00 -3.465811774312804738e-02 -3.465811774312804738e-02 -8.242657735538880259e-02
-2.444844272034019106e+00 -3.368990576615769894e-02 -3.368990576615769894e-02 -7.979857757929750828e-02
-2.667639979359478719e+00 -3.299965097161064453e-02 -3.299965097161064453e-02 -7.741276515234954414e-02
-2.885652833582313725e+00 -3.251253970248618036e-02 -3.251253970248618036e-02 -7.523765992425657245e-02
-3.099228553777749084e+00 -3.217803434847853888e-02 -3.217803434847853888e-02 -7.324709783263717855e-02
-3.308661021090026466e+00 -3.196076064064629074e-02 -3.196076064064629074e-02 -7.141914084381373318e-02
-3.514205397673956455e+00 -3.183522064181241312e-02 -3.183522064181241312e-02 -6.973524756274729341e-02
-3.716086724303710564e+00 -3.178257698049431063e-02 -3.178257698049431063e-02 -6.817963356346135040e-02
-3.914505846235351250e+00 -3.178861821146609229e-02 -3.178861821146609229e-02 -6.673877216355016129e-02
-4.109643676214814967e+00 -3.184242766358760107e-02 -3.184242766358760107e-02 -6.540100066136300683e-02
-4.301664374369377875e+00 -3.193548710351550024e-02 -3.193548710351550024e-02 -6.415620676280173185e-02
-4.490717793704597227e+00 -3.206105788192727818e-02 -3.206105788192727818e-02 -6.299557666575421322e-02
-4.676941409677462858e+00 -3.221374416455730777e-02 -3.221374416455730777e-02 -6.191139103571031976e-02
-4.860461875805934362e+00 -3.238917861689644129e-02 -3.238917861689644129e-02 -6.089685852672697963e-02
-5.041396300649026330e+00 -3.258379225373813498e-02 -3.258379225373813498e-02 -5.994597899017911624e-02
-5.219853312116161881e+00 -3.279464327424554820e-02 -3.279464327424554820e-02 -5.905343034554097481e-02
-5.395933955989887565e+00 -3.301928796617708411e-02 -3.301928796617708411e-02 -5.821447445069074383e-02
-5.569732462807935214e+00 -3.325568209309098106e-02 -3.325568209309098106e-02 -5.742487833395951841e-02
-5.741336908527886251e+00 -3.350210468928187940e-02 -3.350210468928187940e-02 -5.668084792755241630e-02
-5.910829788280826058e+00 -3.375709854403399074e-02 -3.375709854403399074e-02 -5.597897203682683509e-02
-6.078288518137118679e+00 -3.401942326651837684e-02 -3.401942326651837684e-02 -5.531617473878232966e-02
-6.243785876605357110e+00 -3.428801793959207478e-02 -3.428801793959207478e-02 -5.468967475973667003e-02
-6.407390395201498556e+00 -3.456197115716221069e-02 -3.456197115716221069e-02 -5.409695066131029600e-02
-6.569166705621619862e+00 -3.484049680090340467e-02 -3.484049680090340467e-02 -5.353571088381032378e-02
-6.729175849665843145e+00 -3.512291431750103055e-02 -3.512291431750103055e-02 -5.300386787053247561e-02
-6.887475556981349278e+00 -5.249951563565783547e-02 -3.540863255387401154e-02 -3.540863255387401154e-02
-7.044120494840730551e+00 -5.202091025007066216e-02 -3.569713642668335962e-02 -3.569713642668335962e-02
-7.199162493491941817e+00 -5.156645280947996096e-02 -3.598797586572335949e-02 -3.598797586572335949e-02
-7.352650750067677876e+00 -5.113467452226071880e-02 -3.628075659377005130e-02 -3.628075659377005130e-02
-7.504632013595899487e+00 -5.072422361392468076e-02 -3.657513239889364359e-02 -3.657513239889364359e-02
-7.655150753286458887e+00 -5.033385379384254510e-02 -3.687079862681654635e-02 -3.687079862681654635e-02
-7.804249311965041791e+00 -4.996241406989872930e-02 -3.716748667614493129e-02 -3.716748667614493129e-02
-7.951968046272183344e+00 -3.746495932226431846e-02 -3.746495932226431846e-02 -4.960883972983266832e-02
-8.098345455033737039e+00 -3.776300672933834840e-02 -3.776300672933834840e-02 -4.927214433544924860e-02
-8.243418297028286545e+00 -3.806144303634000081e-02 -3.806144303634000081e-02 -4.895141259871649969e-02
-8.387221699226005356e+00 -3.836010342409337109e-02 -3.836010342409337109e-02 -4.864579402784550977e-02
-8.529789256441903333e+00 -3.865884158705033824e-02 -3.865884158705033824e-02 -4.835449724745299882e-02
-8.671153123236628346e+00 -3.895752754698641324e-02 -3.895752754698641324e-02 -4.807678491036242174e-02
-8.811344098800217850e+00 -3.925604575662836049e-02 -3.925604575662836049e-02 -4.781196912997886378e-02
-8.950391705471922421e+00 -3.955429345003882297e-02 -3.955429345003882297e-02 -4.755940737179544658e-02
-9.088324261477398025e+00 -3.985217920370255629e-02 -3.985217920370255629e-02 -4.731849875077501211e-02
-9.225168948400984448e+00 -4.014962167813891647e-02 -4.014962167813891647e-02 -4.708868068832451625e-02
-9.360951873856313554e+00 -4.044654851465667028e-02 -4.044654851465667028e-02 -4.686942588853271890e-02
-9.495698129770076434e+00 -4.074289536583625831e-02 -4.074289536583625831e-02 -4.666023959845963520e-02
-9.629431846651684168e+00 -4.103860504160881939e-02 -4.103860504160881939e-02 -4.646065712164817313e-02
-9.762176244184162854e+00 -4.133362675553550053e-02 -4.133362675553550053e-02 -4.627024155780612436e-02
-9.893953678438514032e+00 -4.162791545815645866e-02 -4.162791545815645866e-02 -4.608858174488499049e-02
-1.002478568598434094e+01 -4.192143124619875788e-02 -4.192143124619875788e-02 -4.591529038259538342e-02
-1.015469302514425465e+01 -4.575000231886230950e-02 -4.221413883803992739e-02 -4.221413883803992739e-02
-1.028369571461518817e+01 -4.559237298285282597e-02 -4.250600710714372982e-02 -4.250600710714372982e-02
-1.041181306966127273e+01 -4.544207695006984016e-02 -4.279700866637337064e-02 -4.279700866637337064e-02
-1.053906373606148072e+01 -4.529880662663128554e-02 -4.308711949701581057e-02 -4.308711949701581057e-02
-1.066546572198133447e+01 -4.516227104127933795e-02 -4.337631861719242615e-02 -4.337631861719242615e-02
-1.079103642792244599e+01 -4.503219473489947916e-02 -4.366458778503552740e-02 -4.366458778503552740e-02
-1.091579267488912386e+01 -4.490831673844583594e-02 -4.395191123260688837e-02 -4.395191123260688837e-02
-1.103975073090119174e+01 -4.479038963111450083e-02 -4.423827542703909904e-02 -4.423827542703909904e-02
-1.116292633596966688e+01 -4.467817867147080846e-02 -4.452366885585002515e-02 -4.452366885585002515e-02
-1.128533472564370221e+01 -4.457146099498199981e-02 -4.480808183373077153e-02 -4.480808183373077153e-02
-1.140699065322681527e+01 -4.447002487207642185e-02 -4.509150632845567580e-02 -4.509150632845567580e-02
-1.152790841075371020e+01 -4.437366902143973640e-02 -4.537393580384913722e-02 -4.537393580384913722e-02
-1.164810184881121025e+01 -4.428220197377850248e-02 -4.565536507797420679e-02 -4.565536507797420679e-02
-1.176758439527974964e+01 -4.419544148176017540e-02 -4.593579019494502952e-02 -4.593579019494502952e-02
-1.188636907306736212e+01 -4.411321397223319507e-02 -4.621520830893165871e-02 -4.621520830893165871e-02
-1.200446851690028716e+01 -4.403535403722689395e-02 -4.649361757910620840e-02 -4.649361757910620840e-02
-1.212189498923214082e+01 -4.396170396053992319e-02 -4.677101707440643741e-02 -4.677101707440643741e-02
-1.223866039532643413e+01 -4.389211327703600174e-02 -4.704740668713317669e-02 -4.704740668713317669e-02
-1.235477629756518425e+01 -4.382643836202409354e-02 -4.732278705449122908e-02 -4.732278705449122908e-02
-1.247025392903077190e+01 -4.376454204834449857e-02 -4.759715948729928425e-02 -4.759715948729928425e-02
-1.258510420640625327e+01 -4.370629326898971961e-02 -4.787052590515596118e-02 -4.787052590515596118e-02
-1.269933774223508394e+01 -4.365156672328743964e-02 -4.814288877744829498e-02 -4.814288877744829498e-02
-1.281296485657883188e+01 -4.360024256484137245e-02 -4.841425106963432451e-02 -4.841425106963432451e-02
-1.292599558810844584e+01 -4.355220610958850797e-02 -4.868461619430287934e-02 -4.868461619430287934e-02
-1.303843970466238211e+01 -4.350734756246480567e-02 -4.895398796656020429e-02 -4.895398796656020429e-02
-1.315030671330271517e+01 -4.346556176130482452e-02 -4.922237056334194394e-02 -4.922237056334194394e-02
-1.326160586989740331e+01 -4.342674793671727485e-02 -4.948976848628250380e-02 -4.948976848628250380e-02
-1.337234618825683086e+01 -4.339080948677447730e-02 -4.975618652782275858e-02 -4.975618652782275858e-02
-1.348253644884841407e+01 -4.335765376546332761e-02 -5.002162974025983061e-02 -5.002162974025983061e-02
-1.359218520711357137e+01 -4.332719188391473408e-02 -5.028610340746810653e-02 -5.028610340746810653e-02
-1.370130080140909712e+01 -4.329933852352028240e-02 -5.054961301906146787e-02 -5.054961301906146787e-02
-1.380989136059237765e+01 -5.081216424677515581e-02 -5.081216424677515581e-02 -4.327401176011451411e-02
-1.391796481127128793e+01 -5.107376292287325176e-02 -5.107376292287325176e-02 -4.325113289845385761e-02
-1.402552888473520198e+01 -5.133441502040241022e-02 -5.133441502040241022e-02 -4.323062631630100044e-02
-1.413259112358521818e+01 -5.159412663513772423e-02 -5.159412663513772423e-02 -4.321241931746388348e-02
