-3.173665327080711918e-01 -3.951980462849215281e-02 -3.951980462849215281e-02 -1.456965733839028498e-01
-2.769738165523212836e-01 -5.853505971840999161e-02 -5.853505971840999161e-02 -1.429065009260944152e-01
-2.268628787587771145e-01 -8.230589272347943464e-02 -8.230589272347943464e-02 -1.399734089728963959e-01
-1.634959527785798672e-01 -1.126187302894212650e-01 -1.126187302894212650e-01 -1.369101599982001927e-01
-1.298126314081340660e-01 -1.298126314081340660e-01 -1.262227677454080543e-01 -1.337271518212732602e-01
-1.348461368720069997e-01 -1.348461368720069997e-01 -1.131487312094023312e-01 -1.304329331216702581e-01
-1.362410302836098430e-01 -1.362410302836098430e-01 -1.072487079929947268e-01 -1.270346331125273287e-01
-1.361821766786911470e-01 -1.361821766786911470e-01 -1.041682674359072913e-01 -1.235382698549180452e-01
-1.353932807756300372e-01 -1.353932807756300372e-01 -1.024728396097770583e-01 -1.199489767734733398e-01
-1.341859599091741462e-01 -1.341859599091741462e-01 -1.015500690873041706e-01 -1.162711725154819409e-01
-1.327182671042201334e-01 -1.327182671042201334e-01 -1.010931465999811846e-01 -1.125086906268538134e-01
-1.310796650048556278e-01 -1.310796650048556278e-01 -1.009311514219704969e-01 -1.086648801292684763e-01
-1.293249331328361063e-01 -1.293249331328361063e-01 -1.009614629900120464e-01 -1.047426846334058026e-01
-1.274896569969159454e-01 -1.274896569969159454e-01 -1.011189611122585430e-01 -1.007447053576058515e-01
-1.255980440713542479e-01 -1.255980440713542479e-01 -1.013605364038351331e-01 -9.667325189881145753e-02
-1.236671812146084848e-01 -1.236671812146084848e-01 -1.016566902598879940e-01 -9.253038355827833406e-02
-1.217094988715095305e-01 -1.217094988715095305e-01 -1.019866998928779384e-01 -8.831794329476741479e-02
-1.197342696911353477e-01 -1.197342696911353477e-01 -1.023356978000423967e-01 -8.403758585938617132e-02
-1.177485582063511615e-01 -1.177485582063511615e-01 -1.026928358633078658e-01 -7.969080129211780772e-02
-1.157578439678947496e-01 -1.157578439678947496e-01 -1.030500919631702483e-01 -7.527893468635413199e-02
-1.137664428081945761e-01 -1.137664428081945761e-01 -1.034014718139137784e-01 -7.080320292492509049e-02
-1.117777991093200918e-01 -1.117777991093200918e-01 -1.037424618743534172e-01 -6.626470893901434400e-02
-1.097946932333376813e-01 -1.097946932333376813e-01 -1.040696462776723868e-01 -6.166445392607602938e-02
-1.078193917266235535e-01 -1.078193917266235535e-01 -1.043804335561703128e-01 -5.700334787457911334e-02
-1.058537580474296913e-01 -1.058537580474296913e-01 -1.046728584604007806e-01 -5.228221867517782173e-02
-1.038993355099523674e-01 -1.038993355099523674e-01 -1.049454361284387210e-01 -4.750182004469691299e-02
-1.019574103194776926e-01 -1.019574103194776926e-01 -1.051970533765857058e-01 -4.266283844750287657e-02
-1.000290601073946101e-01 -1.000290601073946101e-01 -1.054268867183099367e-01 -3.776589916568545702e-02
-9.811519174826335843e-02 -9.811519174826335843e-02 -1.056343398952297591e-01 -3.281157164305473217e-02
-9.621657114708737080e-02 -9.621657114708737080e-02 -1.058189958311191031e-01 -2.780037420670561366e-02
-9.433384693597475501e-02 -9.433384693597475501e-02 -1.059805793688405606e-01 -2.273277825274588881e-02
-9.246756949831005934e-02 -9.246756949831005934e-02 -1.061189281526145056e-01 -1.760921196881465312e-02
-9.061820637062174832e-02 -9.061820637062174832e-02 -1.062339697216585777e-01 -1.243006365460530560e-02
-8.878615480892064482e-02 -8.878615480892064482e-02 -1.063257033816452229e-01 -7.195684692204828981e-03
-8.697175211535516925e-02 -8.697175211535516925e-02 -1.063941857806301600e-01 -1.906392210311746993e-03
-8.517528418092744358e-02 -8.517528418092744358e-02 -1.064395193783283511e-01 3.437528520061905457e-03
-8.339699259616827065e-02 -8.339699259616827065e-02 -1.064618431904899437e-01 8.835821926167997109e-03
-1.064613253333804993e-01 -8.163708060381225096e-02 -8.163708060381225096e-02 1.428826018266204922e-02
-1.064381570007062600e-01 -7.989571810867399093e-02 -7.989571810867399093e-02 1.979464144536846604e-02
-1.063925475864590658e-01 -7.817304591498533406e-02 -7.817304591498533406e-02 2.535478824894837890e-02
-1.063247207289226837e-01 -7.646917932688826469e-02 -7.646917932688826469e-02 3.096854605046439612e-02
-1.062349110985020550e-01 -7.478421122095493812e-02 -7.478421122095493812e-02 3.663578190314414895e-02
-1.061233617886375019e-01 -7.311821467864981772e-02 -7.311821467864981772e-02 4.235638324662605037e-02
-1.059903221975515009e-01 -7.147124525015520480e-02 -7.147124525015520480e-02 4.813025680166499454e-02
-1.058360463108362903e-01 -6.984334290790675248e-02 -6.984334290790675248e-02 5.395732755872689745e-02
-1.056607913124230497e-01 -6.823453373777731146e-02 -6.823453373777731146e-02 5.983753785115997204e-02
-1.054648164653199660e-01 -6.664483140748293788e-02 -6.664483140748293788e-02 6.577084650471964888e-02
-1.052483822145351272e-01 -6.507423844504925392e-02 -6.507423844504925392e-02 7.175722805615619704e-02
-1.050117494733940754e-01 -6.352274735471066802e-02 -6.352274735471066802e-02 7.779667203440865375e-02
-1.047551790615212780e-01 -6.199034159316187120e-02 -6.199034159316187120e-02 8.388918229864650300e-02
-1.044789312684574201e-01 -6.047699642542676834e-02 -6.047699642542676834e-02 9.003477642804069703e-02
-1.041832655214677827e-01 -5.898267967661240119e-02 -5.898267967661240119e-02 9.623348515868079822e-02
-1.038684401398579510e-01 -5.750735239333914367e-02 -5.750735239333914367e-02 1.024853518635450156e-01
-1.035347121611403937e-01 -5.605096942655856534e-02 -5.605096942655856534e-02 1.087904320718479090e-01
-1.031823372269011357e-01 -5.461347994578558129e-02 -5.461347994578558129e-02 1.151487930244673996e-01
-1.028115695182543615e-01 -5.319482789329870592e-02 -5.319482789329870592e-02 1.215605132624776874e-01
-1.024226617324519861e-01 -5.179495238568891657e-02 -5.179495238568891657e-02 1.280256822461215416e-01
-1.020158650936102973e-01 -5.041378806910233601e-02 -5.041378806910233601e-02 1.345444000017935737e-01
-1.015914293916554273e-01 -4.905126543366421926e-02 -4.905126543366421926e-02 1.411167767948564022e-01
-1.011496030445453859e-01 -4.770731109185408908e-02 -4.770731109185408908e-02 1.477429328263124564e-01
-1.006906331796229570e-01 -4.638184802496662928e-02 -4.638184802496662928e-02 1.544229979515305828e-01
-1.002147657305960810e-01 -4.507479580127643493e-02 -4.507479580127643493e-02 1.611571114194034204e-01
-9.972224554721201284e-02 -4.378607076906662621e-02 -4.378607076906662621e-02 1.679454216304461789e-01
-9.921331651513654037e-02 -4.251558622728685011e-02 -4.251558622728685011e-02 1.747880859124970598e-01
-9.868822168393895367e-02 -4.126325257628765675e-02 -4.126325257628765675e-02 1.816852703127730950e-01
-9.814720340140627164e-02 -4.002897745077151070e-02 -4.002897745077151070e-02 1.886371494051742315e-01
-9.759050345267715476e-02 -3.881266583686250604e-02 -3.881266583686250604e-02 1.956439061117942191e-01
-9.701836320291803983e-02 -3.761422017498456533e-02 -3.761422017498456533e-02 2.027057315377071567e-01
-9.643102374244838515e-02 -3.643354045003432962e-02 -3.643354045003432962e-02 2.098228248181618349e-01
-9.582872603338728201e-02 -3.527052427018886188e-02 -3.527052427018886188e-02 2.169953929774010581e-01
-9.521171105702369575e-02 -3.412506693553930132e-02 -3.412506693553930132e-02 2.242236507983768612e-01
-9.458021996122953357e-02 -3.299706149761098134e-02 -3.299706149761098134e-02 2.315078207026955437e-01
-9.393449420732931376e-02 -3.188639881074039478e-02 -3.188639881074039478e-02 2.388481326401757365e-01
-9.327477571591431815e-02 -3.079296757615554436e-02 -3.079296757615554436e-02 2.462448239874729383e-01
-9.260130701116500718e-02 -2.971665437955685676e-02 -2.971665437955685676e-02 2.536981394552298430e-01
-9.191433136329316134e-02 -2.865734372289163723e-02 -2.865734372289163723e-02 2.612083310032800032e-01
-9.121409292876640762e-02 -2.761491805097134045e-02 -2.761491805097134045e-02 2.687756577634788369e-01
-9.050083688801288662e-02 -2.658925777351149947e-02 -2.658925777351149947e-02 2.764003859697315990e-01
-8.977480958034217418e-02 -2.558024128313275691e-02 -2.558024128313275691e-02 2.840827888948560531e-01
-8.903625863583741751e-02 -2.458774496981147931e-02 -2.458774496981147931e-02 2.918231467939236268e-01
-8.828543310399841748e-02 -2.361164323222646882e-02 -2.361164323222646882e-02 2.996217468537717421e-01
-8.752258357893820395e-02 -2.265180848642623854e-02 -2.265180848642623854e-02 3.074788831483689644e-01
-8.674796232094146575e-02 -2.170811117219166586e-02 -2.170811117219166586e-02 3.153948565997705678e-01
-8.596182337421046094e-02 -2.078041975745712616e-02 -2.078041975745712616e-02 3.233699749444138294e-01
-8.516442268063260934e-02 -1.986860074112238930e-02 -1.986860074112238930e-02 3.314045527045012540e-01
-8.435601818940842433e-02 -1.897251865456158273e-02 -1.897251865456158273e-02 3.394989111642658375e-01
-8.353686996239036155e-02 -1.809203606212592477e-02 -1.809203606212592477e-02 3.476533783509125342e-01
-8.270724027497883268e-02 -1.722701356090677177e-02 -1.722701356090677177e-02 3.558682890200468019e-01
-8.186739371243435814e-02 -1.637730978002374313e-02 -1.637730978002374313e-02 3.641439846454129214e-01
-8.101759726145810192e-02 -1.554278137967175441e-02 -1.554278137967175441e-02 3.724808134127963188e-01
-8.015812039690813073e-02 -1.472328305016830201e-02 -1.472328305016830201e-02 3.808791302179116989e-01
-7.928923516350100398e-02 -1.391866751120785124e-02 -1.391866751120785124e-02 3.893392966681747391e-01
-7.841121625237154613e-02 -1.312878551153622529e-02 -1.312878551153622529e-02 3.978616810882012467e-01
-7.752434107234834615e-02 -1.235348582924470674e-02 -1.235348582924470674e-02 4.064466585289253087e-01
-7.662888981581057746e-02 -1.159261527286228541e-02 -1.159261527286228541e-02 4.150946107802348517e-01
-7.572514551899330038e-02 -1.084601868343747916e-02 -1.084601868343747916e-02 4.238059263870115889e-01
-7.481339411660883898e-02 -1.011353893776993813e-02 -1.011353893776993813e-02 4.325810006684840947e-01
-7.389392449065247670e-02 -9.395016952959687681e-03 -9.395016952959687681e-03 4.414202357408233968e-01
-7.296702851326418438e-02 -8.690291692432267068e-03 -8.690291692432267068e-03 4.503240405428788340e-01
-7.203300108352199416e-02 -7.999200173582732970e-03 -7.999200173582732970e-03 4.592928308649973368e-01
