-3.173665327080716914e-01 -3.951980462849267323e-02 -3.951980462849267323e-02 -1.215912946454253130e-01
-3.066313341920373636e-01 -4.456595187358197707e-02 -4.456595187358197707e-02 -1.183661617758427903e-01
-2.954261605248648115e-01 -4.983764908367272622e-02 -4.983764908367272622e-02 -1.151664658917187778e-01
-2.836634169327840183e-01 -5.537920484466551940e-02 -5.537920484466551940e-02 -1.119910094091427222e-01
-2.712320950452383195e-01 -6.124659838405757672e-02 -6.124659838405757672e-02 -1.088386759598340969e-01
-2.579907168230875514e-01 -6.751101099404241412e-02 -6.751101099404241412e-02 -1.057084228983061203e-01
-2.437610585631329041e-01 -7.426196702262823079e-02 -7.426196702262823079e-02 -1.025992746732083682e-01
-2.283323367734917397e-01 -8.160524358966618486e-02 -8.160524358966618486e-02 -9.951031694412634798e-02
-2.115127271270814957e-01 -8.963711347010659691e-02 -8.963711347010659691e-02 -9.644069134400250209e-02
-1.933451086629014715e-01 -9.833647509813536747e-02 -9.833647509813536747e-02 -9.338959080270312074e-02
-1.072768631122213573e-01 -1.072768631122213573e-01 -1.746830464607845856e-01 -9.035625536003380476e-02
-1.153987484863260859e-01 -1.153987484863260859e-01 -1.576461947549243903e-01 -8.733996840706205467e-02
-1.217284254471175942e-01 -1.217284254471175942e-01 -1.441825261343482878e-01 -8.434005330346437679e-02
-1.262249050383799642e-01 -1.262249050383799642e-01 -1.343745471488732024e-01 -8.135587032595530121e-02
-1.293541135338939496e-01 -1.293541135338939496e-01 -1.272909039533689224e-01 -7.838681390906369895e-02
-1.315529164565558962e-01 -1.315529164565558962e-01 -1.220583365053110186e-01 -7.543231014480258900e-02
-1.331178777110869071e-01 -1.331178777110869071e-01 -1.180841623273520963e-01 -7.249181451214897765e-02
-1.342385141244642199e-01 -1.342385141244642199e-01 -1.149897692696955770e-01 -6.956480981109959549e-02
-1.350372735124515111e-01 -1.350372735124515111e-01 -1.125306610555266706e-01 -6.665080427920928863e-02
-1.355956774007347487e-01 -1.355956774007347487e-01 -1.105441733700993079e-01 -6.374932987133891116e-02
-1.359698104502570226e-01 -1.359698104502570226e-01 -1.089184964096354541e-01 -6.085994068565894755e-02
-1.361994616621774179e-01 -1.361994616621774179e-01 -1.075743937526815741e-01 -5.798221152101398074e-02
-1.363136434086575366e-01 -1.363136434086575366e-01 -1.064541654735401965e-01 -5.511573655252899329e-02
-1.363340249092742928e-01 -1.363340249092742928e-01 -1.055147822685852665e-01 -5.226012811380143647e-02
-1.362771344562059561e-01 -1.362771344562059561e-01 -1.047234819986135046e-01 -4.941501557540875500e-02
-1.361558131570793917e-01 -1.361558131570793917e-01 -1.040548631191041823e-01 -4.658004431015757424e-02
-1.359802001894385715e-01 -1.359802001894385715e-01 -1.034889150508520872e-01 -4.375487472848652720e-02
-1.357584167063541070e-01 -1.357584167063541070e-01 -1.030096519934686483e-01 -4.093918121197463039e-02
-1.354970530667787831e-01 -1.354970530667787831e-01 -1.026041583301817717e-01 -3.813264789873832550e-02
-1.352015768697936715e-01 -1.352015768697936715e-01 -1.022621859525979782e-01 -3.533490943283550817e-02
-1.348778682504693793e-01 -1.348778682504693793e-01 -1.019813468166900217e-01 -3.254465143855977266e-02
-1.345568231305949991e-01 -1.345568231305949991e-01 -1.018626689212720760e-01 -2.974835640833775260e-02
-1.346277679865962862e-01 -1.346277679865962862e-01 -1.033040441627794126e-01 -2.683439434326696099e-02
-1.373410147772930745e-01 -1.373410147772930745e-01 -1.157225443203720033e-01 -2.356084670640097578e-02
-1.402979420673039768e-01 -1.402979420673039768e-01 -1.610372454851587143e-01 -2.061415726989994715e-02
-2.650149420305544790e-01 -1.230511237763140114e-01 -1.230511237763140114e-01 -1.864662374026410802e-02
-3.882556297005578250e-01 -9.812562119694387408e-02 -9.812562119694387408e-02 -1.736227952626530346e-02
-4.950797003569554766e-01 -8.153471832953214371e-02 -8.153471832953214371e-02 -1.647398257985529038e-02
-5.911393059667168215e-01 -7.010776811870139680e-02 -7.010776811870139680e-02 -1.582820090851548914e-02
-6.808045076883800784e-01 -6.160250085473654297e-02 -6.160250085473654297e-02 -1.534144000168402404e-02
-7.662793287266902453e-01 -5.491589322194252026e-02 -5.491589322194252026e-02 -1.496480607993741323e-02
-8.487698639985795657e-01 -4.945420881082091685e-02 -4.945420881082091685e-02 -1.466772592922219176e-02
-9.289962840520892273e-01 -4.486734320418652583e-02 -4.486734320418652583e-02 -1.443005282531822572e-02
-1.007419607784428184e+00 -4.093358175169331536e-02 -4.093358175169331536e-02 -1.423794281408095538e-02
-1.084351627303335341e+00 -3.750452763625474611e-02 -3.750452763625474611e-02 -1.408155365216857968e-02
-1.160012756050196048e+00 -3.447641354670426261e-02 -3.447641354670426261e-02 -1.395368825645452657e-02
-1.234564604494736706e+00 -3.177406527970889905e-02 -3.177406527970889905e-02 -1.384895763808461321e-02
-1.308129369449301249e+00 -2.934140806659498585e-02 -2.934140806659498585e-02 -1.376324424705333005e-02
-1.380801915539002334e+00 -2.713557442076159482e-02 -2.713557442076159482e-02 -1.369334655946805555e-02
-1.452657597553303814e+00 -2.512310019122001789e-02 -2.512310019122001789e-02 -1.363673703757033867e-02
-1.523757492827314097e+00 -2.327738543240225402e-02 -2.327738543240225402e-02 -1.359139325394504404e-02
-1.594152000562246263e+00 -2.157695036191124849e-02 -2.157695036191124849e-02 -1.355567753172210767e-02
-1.663883378781489286e+00 -2.000420735660070684e-02 -2.000420735660070684e-02 -1.352824953377177591e-02
-1.732987571127578175e+00 -1.854457730853693864e-02 -1.854457730853693864e-02 -1.350800170745780973e-02
-1.801495547458934032e+00 -1.718584144666547575e-02 -1.718584144666547575e-02 -1.349401088596489245e-02
-1.869434304455555917e+00 -1.591765767447524474e-02 -1.591765767447524474e-02 -1.348550150632402481e-02
-1.936827623941057341e+00 -1.473119408349249891e-02 -1.473119408349249891e-02 -1.348181730913228411e-02
-2.003696655593592890e+00 -1.361884737757649427e-02 -1.361884737757649427e-02 -1.348239931799999174e-02
-2.070060370402897032e+00 -1.257402379385556650e-02 -1.257402379385556650e-02 -1.348676852798216808e-02
-2.135935917657266536e+00 -1.159096667868077593e-02 -1.159096667868077593e-02 -1.349451216660399987e-02
-2.201338909004826316e+00 -1.066461934540146282e-02 -1.066461934540146282e-02 -1.350527269458910197e-02
-2.266283646738972202e+00 -9.790514931219141889e-03 -9.790514931219141889e-03 -1.351873892851790035e-02
-2.330783308960866496e+00 -8.964687141431235476e-03 -8.964687141431235476e-03 -1.353463882211258795e-02
-2.394850101067266035e+00 -8.183597316580831782e-03 -8.183597316580831782e-03 -1.355273355512036718e-02
-2.458495380695510324e+00 -7.444074375311146921e-03 -7.444074375311146921e-03 -1.357281266129096130e-02
-2.521729761565723038e+00 -6.743265002450476477e-03 -6.743265002450476477e-03 -1.359468998823009159e-02
-2.584563200407676842e+00 -6.078592055666870268e-03 -6.078592055666870268e-03 -1.361820032789271863e-02
-2.647005070225611156e+00 -5.447719615171212754e-03 -5.447719615171212754e-03 -1.364319659126045706e-02
-2.709064222448983372e+00 -4.848523441317215826e-03 -4.848523441317215826e-03 -1.366954742731930905e-02
-2.770749039979974793e+00 -4.279065864161503939e-03 -4.279065864161503939e-03 -1.369713520688134629e-02
-2.832067482737543607e+00 -3.737574328085563943e-03 -3.737574328085563943e-03 -1.372585430764790629e-02
-2.893027126977757213e+00 -3.222422968761933047e-03 -3.222422968761933047e-03 -1.375560964928137890e-02
-2.953635199422857127e+00 -2.732116719974933983e-03 -2.732116719974933983e-03 -1.378631543698377072e-02
-3.013898607035479849e+00 -2.265277542333357045e-03 -2.265277542333357045e-03 -1.381789407977012350e-02
-3.073823963120722702e+00 -1.820632440685011682e-03 -1.820632440685011682e-03 -1.385027525576516989e-02
-3.133417610315946344e+00 -1.397002996583845665e-03 -1.397002996583845665e-03 -1.388339510173268107e-02
-3.192685640929891377e+00 -9.932961898750536801e-04 -9.932961898750536801e-04 -1.391719550801842620e-02
-3.251633915013860232e+00 -6.084963218917891934e-04 -6.084963218917891934e-04 -1.395162350326366492e-02
-3.310268076483683153e+00 -2.416578839452436555e-04 -2.416578839452436555e-04 -1.398663071584993998e-02
-3.368593567559190927e+00 1.081007598832130326e-04 1.081007598832130326e-04 -1.402217290115852222e-02
-3.426615641745370144e+00 4.416029858054574251e-04 4.416029858054574251e-04 -1.405820952546002478e-02
-3.484339375544418083e+00 7.596189123633945682e-04 7.596189123633945682e-04 -1.409470339869321569e-02
-3.541769679059155518e+00 1.062869870396990516e-03 1.062869870396990516e-03 -1.413162034958098841e-02
-3.598911305624351797e+00 1.352032408193584376e-03 1.352032408193584376e-03 -1.416892893749571551e-02
-3.655768860582544022e+00 1.627741889289979586e-03 1.627741889289979586e-03 -1.420660019634494529e-02
-3.712346809304389428e+00 1.890595732222380291e-03 1.890595732222380291e-03 -1.424460740639920363e-02
-3.768649484539820183e+00 2.141156334648573138e-03 2.141156334648573138e-03 -1.428292589059052160e-02
-3.824681093173767810e+00 2.379953718466260200e-03 2.379953718466260200e-03 -1.432153283228001887e-02
-3.880445722451831170e+00 2.607487927655532164e-03 2.607487927655532164e-03 -1.436040711190947859e-02
-3.935947345730959057e+00 2.824231206395660075e-03 2.824231206395660075e-03 -1.439952916030622782e-02
-3.991189827804430212e+00 3.030629981476571418e-03 3.030629981476571418e-03 -1.443888082669824748e-02
-4.046176929843975145e+00 3.227106669970130140e-03 3.227106669970130140e-03 -1.447844525976185043e-02
-4.100912313996197156e+00 3.414061330545789443e-03 3.414061330545789443e-03 -1.451820680022131160e-02
-4.155399547666459803e+00 3.591873174558090839e-03 3.591873174558090839e-03 -1.455815088373240383e-02
-4.209642107519445453e+00 3.760901951125439780e-03 3.760901951125439780e-03 -1.459826395291627388e-02
-4.263643383221912941e+00 3.921489218735193377e-03 3.921489218735193377e-03 -1.463853337756718109e-02
-4.317406680950641729e+00 4.073959514465081040e-03 4.073959514465081040e-03 -1.467894738215789335e-02
-4.370935226685999986e+00 4.218621430668501385e-03 4.218621430668501385e-03 -1.471949497989441177e-02
-4.424232169308965901e+00 4.355768607851142130e-03 4.355768607851142130e-03 -1.476016591263095389e-02
-4.477300583518143640e+00 4.485680651528876559e-03 4.485680651528876559e-03 -1.480095059606270635e-02
