-3.173665327080714138e-01 -3.951980462849267323e-02 -3.951980462849267323e-02 -1.215912946454252852e-01
-2.769738165523160101e-01 -5.853505971841251737e-02 -5.853505971841251737e-02 -1.102687565236667167e-01
-2.268628787587884110e-01 -8.230589272347493823e-02 -8.230589272347493823e-02 -9.923047370501475450e-02
-1.126187302894235132e-01 -1.126187302894235132e-01 -1.634959527785696809e-01 -8.843487100078770147e-02
-1.298126314081347876e-01 -1.298126314081347876e-01 -1.262227677454079433e-01 -7.784856531178888095e-02
-1.348461368720083042e-01 -1.348461368720083042e-01 -1.131487312094020814e-01 -6.744427102696048948e-02
-1.362410302836096210e-01 -1.362410302836096210e-01 -1.072487079929918125e-01 -5.719934613272162349e-02
-1.361821766787042198e-01 -1.361821766787042198e-01 -1.041682674358850730e-01 -4.709475482335301333e-02
-1.353932831624085897e-01 -1.353932831624085897e-01 -1.024728402877279898e-01 -3.711430825038158909e-02
-1.342856936882902974e-01 -1.342856936882902974e-01 -1.015887240861333279e-01 -2.730134164092637428e-02
-3.229454972817882852e-01 -1.106967389532098056e-01 -1.106967389532098056e-01 -1.799933858500691805e-02
-6.808045076883800784e-01 -6.160250085473654297e-02 -6.160250085473654297e-02 -1.534144000168402404e-02
-9.719736374717701244e-01 -4.265144985731331856e-02 -4.265144985731331856e-02 -1.432031943579332306e-02
-1.241291505770749204e+00 -3.154249545803004817e-02 -3.154249545803004817e-02 -1.384043349372573138e-02
-1.497987053952845260e+00 -2.393070994824559455e-02 -2.393070994824559455e-02 -1.360668894971518023e-02
-1.745487074486020029e+00 -1.829035552730811851e-02 -1.829035552730811851e-02 -1.350501703111989249e-02
-1.985510523470435995e+00 -1.391525721270526518e-02 -1.391525721270526518e-02 -1.348184614987969938e-02
-2.219095983332651567e+00 -1.042122143056780498e-02 -1.042122143056780498e-02 -1.350868907319792075e-02
-2.446954376170645595e+00 -7.575573864661609182e-03 -7.575573864661609182e-03 -1.356902300516447946e-02
-2.669615865584569647e+00 -5.226270761778976578e-03 -5.226270761778976578e-03 -1.365262844895990743e-02
-2.887499975111974315e+00 -3.268206665532075259e-03 -3.268206665532075259e-03 -1.375286411626400716e-02
-3.100952733733449929e+00 -1.625535937988128142e-03 -1.625535937988128142e-03 -1.386524177943619825e-02
-3.310268076483683153e+00 -2.416578839452436555e-04 -2.416578839452436555e-04 -1.398663071584993998e-02
-3.515701064209215687e+00 9.268146926867217635e-04 9.268146926867217635e-04 -1.411478953781043419e-02
-3.717476545166114033e+00 1.913873765029849112e-03 1.913873765029849112e-03 -1.424807839807013497e-02
-3.915795121525091460e+00 2.746635297670002671e-03 2.746635297670002671e-03 -1.438527546804390170e-02
-4.110837438171431657e+00 3.447060008300615024e-03 3.447060008300615024e-03 -1.452545619345206596e-02
-4.302767378880767879e+00 4.033163795336315235e-03 4.033163795336315235e-03 -1.466791168345808055e-02
-4.491734521973430816e+00 4.519890855968195127e-03 4.519890855968195127e-03 -1.481209224109221630e-02
-4.677876076075372147e+00 4.919757293543429444e-03 4.919757293543429444e-03 -1.495756747739420030e-02
-4.861318439336256958e+00 5.243334565381551141e-03 5.243334565381551141e-03 -1.510399762199682826e-02
-5.042178478342168368e+00 5.499618662538444634e-03 5.499618662538444634e-03 -1.525111255081431326e-02
-5.220564593273862464e+00 5.696316155054851650e-03 5.696316155054851650e-03 -1.539869623189394666e-02
-5.396577616584507631e+00 5.840068696786719811e-03 5.840068696786719811e-03 -1.554657503905208620e-02
-5.570311579601545660e+00 5.936631266189664434e-03 5.936631266189664434e-03 -1.569460886823848683e-02
-5.741854372646889360e+00 5.991015143146095380e-03 5.991015143146095380e-03 -1.584268431269477209e-02
-5.911288318095712313e+00 6.007603670020338939e-03 6.007603670020338939e-03 -1.599070936924364486e-02
-6.078690671371545839e+00 5.990246770806536072e-03 5.990246770806536072e-03 -1.613860929625688528e-02
-6.244134061648079381e+00 5.942338720900723799e-03 5.942338720900723799e-03 -1.628632334690447228e-02
-6.407686881625910047e+00 5.866882586463208205e-03 5.866882586463208205e-03 -1.643380217396438886e-02
-6.569413633937356778e+00 5.766543963760044703e-03 5.766543963760044703e-03 -1.658100575446189509e-02
-6.729375240338867137e+00 5.643696062430084669e-03 5.643696062430084669e-03 -1.672790171990893096e-02
-6.887629318765172037e+00 5.500457735599671716e-03 5.500457735599671716e-03 -1.687446400542082225e-02
-7.044230432464405389e+00 5.338725724479185739e-03 5.338725724479185739e-03 -1.702067175126318471e-02
-7.199230314750935555e+00 5.160202127892490019e-03 5.160202127892490019e-03 -1.716650840550758977e-02
-7.352678072363005413e+00 4.966417907982394013e-03 4.966417907982394013e-03 -1.731196098786877760e-02
-7.504620369964721149e+00 4.758753087820856605e-03 4.758753087820856605e-03 -1.745701948344085402e-02
-7.655101597965403570e+00 4.538454174317331329e-03 4.538454174317331329e-03 -1.760167634165822614e-02
-7.804164025524373827e+00 4.306649242837477624e-03 4.306649242837477624e-03 -1.774592606089991573e-02
-7.951847940356558730e+00 4.064361042602907155e-03 4.064361042602907155e-03 -1.788976484311390058e-02
-8.098191776742439174e+00 3.812518419791116782e-03 3.812518419791116782e-03 -1.803319030592728453e-02
-8.243232232965020501e+00 3.551966305131319668e-03 3.551966305131319668e-03 -1.817620124212485089e-02
-8.387004379246112862e+00 3.283474471980497422e-03 3.283474471980497422e-03 -1.831879741829970168e-02
-8.529541757122192536e+00 3.007745237672180584e-03 3.007745237672180584e-03 -1.846097940601941489e-02
-8.670876471090984694e+00 2.725420253517810143e-03 2.725420253517810143e-03 -1.860274844004250125e-02
-8.811039273262093019e+00 2.437086506455700928e-03 2.437086506455700928e-03 -1.874410629911991283e-02
-8.950059641663019150e+00 2.143281636596844602e-03 2.143281636596844602e-03 -1.888505520569760954e-02
-9.087965852779932519e+00 1.844498659460481419e-03 1.844498659460481419e-03 -1.902559774146820801e-02
-9.224785048849540203e+00 1.541190168756243145e-03 1.541190168756243145e-03 -1.916573677624806502e-02
-9.360543300363854513e+00 1.233772084688359791e-03 1.233772084688359791e-03 -1.930547540808238635e-02
-9.495265664201474110e+00 9.226270036538659208e-04 9.226270036538659208e-04 -1.944481691283128991e-02
-9.628976237756557310e+00 6.081071974825480930e-04 6.081071974825480930e-04 -1.958376470174702164e-02
-9.761698209400510251e+00 2.905373038572236707e-04 2.905373038572236707e-04 -1.972232228583658403e-02
-9.893453905576713225e+00 -2.978325600985030834e-05 -2.978325600985030834e-05 -1.986049324596487684e-02
-1.002426483480105190e+01 -3.525781010782475899e-04 -3.525781010782475899e-04 -1.999828120782983984e-02
-1.015415172881445827e+01 -6.775919282578150805e-04 -6.775919282578150805e-04 -2.013568982107427630e-02
-1.028313458111018797e+01 -1.004588740392809831e-03 -1.004588740392809831e-03 -2.027272274190742088e-02
-1.041123268303948635e+01 -1.333350243598494314e-03 -1.333350243598494314e-03 -2.040938361871000306e-02
-1.053846465767857765e+01 -1.663674395616236137e-03 -1.663674395616236137e-03 -2.054567608018743538e-02
-1.066484849162572068e+01 -1.995374089122099303e-03 -1.995374089122099303e-03 -2.068160372566504174e-02
-1.079040156488122015e+01 -2.328275955775637330e-03 -2.328275955775637330e-03 -2.081717011723385746e-02
-1.091514067894982531e+01 -2.662219278550574490e-03 -2.662219278550574490e-03 -2.095237877343485849e-02
-1.103908208329352902e+01 -2.997055001240723441e-03 -2.997055001240723441e-03 -2.108723316427509042e-02
-1.116224150025175454e+01 -3.332644825366270179e-03 -3.332644825366270179e-03 -2.122173670736749590e-02
-1.128463414853652758e+01 -3.668860385793702456e-03 -3.668860385793702456e-03 -2.135589276500780842e-02
-1.140627476540042196e+01 -4.005582497334812808e-03 -4.005582497334812808e-03 -2.148970464205589639e-02
-1.152717762756847897e+01 -4.342700465429249514e-03 -4.342700465429249514e-03 -2.162317558449293811e-02
-1.164735657101719646e+01 -4.680111454814974564e-03 -4.680111454814974564e-03 -2.175630877854679152e-02
-1.176682500967699596e+01 -5.017719910664205848e-03 -5.017719910664205848e-03 -2.188910735028898671e-02
-1.188559595312954187e+01 -5.355437027313251705e-03 -5.355437027313251705e-03 -2.202157436562870996e-02
-1.200368202336425405e+01 -5.693180260183131926e-03 -5.693180260183131926e-03 -2.215371283062757962e-02
-1.212109547065557180e+01 -6.030872876951759963e-03 -6.030872876951759963e-03 -2.228552569209812234e-02
-1.223784818861544288e+01 -6.368443544441777793e-03 -6.368443544441777793e-03 -2.241701583841040901e-02
-1.235395172847400325e+01 -6.705825948033753391e-03 -6.705825948033753391e-03 -2.254818610048435132e-02
-1.246941731263517461e+01 -7.042958440763831020e-03 -7.042958440763831020e-03 -2.267903925291035044e-02
-1.258425584755230453e+01 -7.379783719472084343e-03 -7.379783719472084343e-03 -2.280957801519676101e-02
-1.269847793596481367e+01 -7.716248525712916979e-03 -7.716248525712916979e-03 -2.293980505309928253e-02
-1.281209388853415199e+01 -8.052303369297013347e-03 -8.052303369297013347e-03 -2.306972298000316279e-02
-1.292511373491468696e+01 -8.387902272545941576e-03 -8.387902272545941576e-03 -2.319933435835257879e-02
-1.303754723429270790e+01 -8.723002533547307563e-03 -8.723002533547307563e-03 -2.332864170111781030e-02
-1.314940388542438221e+01 -9.057564506822936637e-03 -9.057564506822936637e-03 -2.345764747325988428e-02
-1.326069293620107103e+01 -9.391551399993793015e-03 -9.391551399993793015e-03 -2.358635409321438794e-02
-1.337142339276987713e+01 -9.724929085152307293e-03 -9.724929085152307293e-03 -2.371476393434536478e-02
-1.348160402823316772e+01 -1.005766592372456594e-02 -1.005766592372456594e-02 -2.384287932642648739e-02
-1.359124339095132505e+01 -1.038973260380907267e-02 -1.038973260380907267e-02 -2.397070255704535427e-02
-1.370034981247061090e+01 -1.072110198894791165e-02 -1.072110198894791165e-02 -2.409823587303947662e-02
-1.380893141509585931e+01 -1.105174897749092167e-02 -1.105174897749092167e-02 -2.422548148185491371e-02
-1.391699611912828694e+01 -1.138165037169620863e-02 -1.138165037169620863e-02 -2.435244155289538123e-02
-1.402455164978518987e+01 -1.171078475582609801e-02 -1.171078475582609801e-02 -2.447911821884597716e-02
-1.413160554381960488e+01 -1.203913238258910376e-02 -1.203913238258910376e-02 -2.460551357692629740e-02
