-3.828021250218180405e-01 -3.789639480411800126e-02 -3.789639480411800126e-02 -1.188245484342937419e-01
-3.770070650233874332e-01 -4.247808939503926184e-02 -4.247808939503926184e-02 -1.152605321337271255e-01
-3.709332798694216504e-01 -4.717518440175211270e-02 -4.717518440175211270e-02 -1.117472243780974206e-01
-3.645484823088511739e-01 -5.200481804103656430e-02 -5.200481804103656430e-02 -1.082825204209750397e-01
-3.578130899802655640e-01 -5.698770912765630664e-02 -5.698770912765630664e-02 -1.048644572102199884e-01
-3.506777776825695803e-01 -6.214938708478150164e-02 -6.214938708478150164e-02 -1.014912003823919828e-01
-3.430798580569404677e-01 -6.752200704196856251e-02 -6.752200704196856251e-02 -9.816103275286372498e-02
-3.349377280402078827e-01 -7.314713143752363256e-02 -7.314713143752363256e-02 -9.487234409662104184e-02
-3.261419543367192198e-01 -7.908019158327228570e-02 -7.908019158327228570e-02 -9.162362204714277758e-02
-3.165401378273335342e-01 -8.539805930140512147e-02 -8.539805930140512147e-02 -8.841344396738445854e-02
-3.059093007774977280e-01 -9.221285676099803819e-02 -9.221285676099803819e-02 -8.524046966889588239e-02
-2.939004543269370662e-01 -9.969967582289347707e-02 -9.969967582289347707e-02 -8.210343487336105306e-02
-2.799112807573013728e-01 -1.081602396875357697e-01 -1.081602396875357697e-01 -7.900114532607989404e-02
-2.627264287584403779e-01 -1.182027577721447703e-01 -1.182027577721447703e-01 -7.593247148365847576e-02
-2.390337374943475035e-01 -1.314838159483881497e-01 -1.314838159483881497e-01 -7.289634370889891413e-02
-1.782037146624437240e-01 -1.633186395710892469e-01 -1.633186395710892469e-01 -6.989174791492600014e-02
-1.911137208426416378e-01 -1.911137208426416378e-01 -1.254242855044167826e-01 -6.691772160826420235e-02
-1.971811511826259966e-01 -1.971811511826259966e-01 -1.160721314709752816e-01 -6.397335028708764360e-02
-2.011163616316436475e-01 -2.011163616316436475e-01 -1.109572125186042146e-01 -6.105776415644634247e-02
-2.041419313150341919e-01 -2.041419313150341919e-01 -1.076351530185844091e-01 -5.817013512701910138e-02
-2.066567465338865484e-01 -2.066567465338865484e-01 -1.053089261712084890e-01 -5.530967406804915276e-02
-2.088433081651176471e-01 -2.088433081651176471e-01 -1.036142415860394073e-01 -5.247562828863105988e-02
-2.108007888185080003e-01 -2.108007888185080003e-01 -1.023534331539705938e-01 -4.966727922457433997e-02
-2.125891608857505000e-01 -2.125891608857505000e-01 -1.014072049600141384e-01 -4.688394031069587076e-02
-2.142474621370906718e-01 -2.142474621370906718e-01 -1.006981019425196994e-01 -4.412495502069263553e-02
-2.158025154937707468e-01 -2.158025154937707468e-01 -1.001730720573983796e-01 -4.138969505874059984e-02
-2.172735331928937752e-01 -2.172735331928937752e-01 -9.979425952744654105e-02 -3.867755868870470515e-02
-2.186747384306789443e-01 -2.186747384306789443e-01 -9.953376301672260673e-02 -3.598796918837718350e-02
-2.200169486010645492e-01 -2.200169486010645492e-01 -9.937047050670352877e-02 -3.332037341749327641e-02
-2.213085776911921376e-01 -2.213085776911921376e-01 -9.928805576066204730e-02 -3.067424048945341375e-02
-2.225562960602325280e-01 -2.225562960602325280e-01 -9.927365993188691506e-02 -2.804906053771824559e-02
-2.237654790623979373e-01 -2.237654790623979373e-01 -9.931699540172908569e-02 -2.544434356875655001e-02
-2.249405206458121864e-01 -2.249405206458121864e-01 -9.940971959104072386e-02 -2.285961839423911179e-02
-2.260850578501242825e-01 -2.260850578501242825e-01 -9.954498690545925121e-02 -2.029443163588465215e-02
-2.272021348870646995e-01 -2.272021348870646995e-01 -9.971712145176726827e-02 -1.774834679701015050e-02
-2.282943252703336923e-01 -2.282943252703336923e-01 -9.992137359764075022e-02 -1.522094339539867280e-02
-2.293638242018128937e-01 -2.293638242018128937e-01 -1.001537359653985743e-01 -1.271181615260660869e-02
-2.304125194740777594e-01 -2.304125194740777594e-01 -1.004108023440100916e-01 -1.022057423528438536e-02
-2.314420465957096329e-01 -2.314420465957096329e-01 -1.006896581101261179e-01 -7.746840544490540825e-03
-2.324538321559054543e-01 -2.324538321559054543e-01 -1.009877941286351360e-01 -5.290251049338667855e-03
-2.334491283031389086e-01 -2.334491283031389086e-01 -1.013030383863513101e-01 -2.850454161642701489e-03
-2.344290404269773476e-01 -2.344290404269773476e-01 -1.016335011835317048e-01 -4.271101485203987469e-04
-2.353945495823271949e-01 -2.353945495823271949e-01 -1.019775308072777970e-01 1.980109419824571670e-03
-2.363465308047196234e-01 -2.363465308047196234e-01 -1.023336773920199977e-01 4.371522189681203985e-03
-2.372857681837164112e-01 -2.372857681837164112e-01 -1.027006632351081111e-01 6.747435513102334470e-03
-2.382129673560538785e-01 -2.382129673560538785e-01 -1.030773582463017923e-01 9.108146908995695679e-03
-2.391287659283570233e-01 -2.391287659283570233e-01 -1.034627595133348760e-01 1.145394449799796988e-02
-2.400337422259406217e-01 -2.400337422259406217e-01 -1.038559741922338575e-01 1.378510741292818254e-02
-2.409284226786959915e-01 -2.409284226786959915e-01 -1.042562051019467056e-01 1.610190618647858174e-02
-2.418132880899627191e-01 -2.418132880899627191e-01 -1.046627385329295529e-01 1.840460311766622947e-02
-2.426887789842451237e-01 -2.426887789842451237e-01 -1.050749338792966447e-01 2.069345261844604544e-02
-2.435553001908826731e-01 -2.435553001908826731e-01 -1.054922147815497840e-01 2.296870154179134205e-02
-2.444132247905060340e-01 -2.444132247905060340e-01 -1.059140615273345687e-01 2.523058949243042748e-02
-2.452628975273323797e-01 -2.452628975273323797e-01 -1.063400045051869081e-01 2.747934912135091556e-02
-2.461046377714921629e-01 -2.461046377714921629e-01 -1.067696185438431616e-01 2.971520640509506261e-02
-2.469387421005593553e-01 -2.469387421005593553e-01 -1.072025179996597133e-01 3.193838091079687080e-02
-2.477654865574205612e-01 -2.477654865574205612e-01 -1.076383524787135337e-01 3.414908604783734036e-02
-2.485851286319012698e-01 -2.485851286319012698e-01 -1.080768030995200996e-01 3.634752930693874173e-02
-2.493979090056776815e-01 -2.493979090056776815e-01 -1.085175792180104876e-01 3.853391248745113851e-02
-2.502040530936026630e-01 -2.502040530936026630e-01 -1.089604155492038678e-01 4.070843191354148183e-02
-2.510037724092871181e-01 -2.510037724092871181e-01 -1.094050696304858933e-01 4.287127863993461796e-02
-2.517972657784689483e-01 -2.517972657784689483e-01 -1.098513195800242398e-01 4.502263864782285463e-02
-2.525847204201072671e-01 -2.525847204201072671e-01 -1.102989621109751600e-01 4.716269303150513736e-02
-2.533663129121699331e-01 -2.533663129121699331e-01 -1.107478107680419516e-01 4.929161817629557074e-02
-2.541422100566074760e-01 -2.541422100566074760e-01 -1.111976943578786708e-01 5.140958592818489770e-02
-2.549125696559257914e-01 -2.549125696559257914e-01 -1.116484555489409697e-01 5.351676375572644861e-02
-2.556775412120272928e-01 -2.556775412120272928e-01 -1.120999496198543388e-01 5.561331490457277482e-02
-2.564372665565231579e-01 -2.564372665565231579e-01 -1.125520433382770358e-01 5.769939854506728194e-02
-2.571918804204744724e-01 -2.571918804204744724e-01 -1.130046139547016271e-01 5.977516991326997653e-02
-2.579415109504614723e-01 -2.579415109504614723e-01 -1.134575482977273897e-01 6.184078044576990507e-02
-2.586862801769822529e-01 -2.586862801769822529e-01 -1.139107419591120357e-01 6.389637790861535382e-02
-2.594263044404168106e-01 -2.594263044404168106e-01 -1.143640985584320063e-01 6.594210652067372669e-02
-2.601616947791295931e-01 -2.601616947791295931e-01 -1.148175290784720914e-01 6.797810707171042521e-02
-2.608925572837212381e-01 -2.608925572837212381e-01 -1.152709512635876205e-01 7.000451703546278770e-02
-2.616189934209520174e-01 -2.616189934209520174e-01 -1.157242890742322811e-01 7.202147067796416113e-02
-2.623411003304410016e-01 -2.623411003304410016e-01 -1.161774721916817715e-01 7.402909916136019008e-02
-2.630589710968705974e-01 -2.630589710968705974e-01 -1.166304355676878179e-01 7.602753064344575096e-02
-2.637726950001303972e-01 -2.637726950001303972e-01 -1.170831190144258488e-01 7.801689037313347397e-02
-2.644823577455291952e-01 -2.644823577455291952e-01 -1.175354668306365369e-01 7.999730078205841144e-02
-2.651880416759995751e-01 -2.651880416759995751e-01 -1.179874274603265050e-01 8.196888157250625806e-02
-2.658898259679712828e-01 -2.658898259679712828e-01 -1.184389531808111434e-01 8.393174980184359146e-02
-2.665877868124372219e-01 -2.665877868124372219e-01 -1.188899998172306821e-01 8.588601996362049684e-02
-2.672819975825591055e-01 -2.672819975825591055e-01 -1.193405264809968697e-01 8.783180406550278319e-02
-2.679725289890174111e-01 -2.679725289890174111e-01 -1.197904953298899317e-01 8.976921170418594720e-02
-2.686594492241893839e-01 -2.686594492241893839e-01 -1.202398713477809411e-01 9.169835013742938523e-02
-2.693428240961323050e-01 -2.693428240961323050e-01 -1.206886221421604594e-01 9.361932435334818781e-02
-2.700227171532312842e-01 -2.700227171532312842e-01 -1.211367177578421828e-01 9.553223713708780540e-02
-2.706991898003213159e-01 -2.706991898003213159e-01 -1.215841305053881327e-01 9.743718913499976875e-02
-2.713723014069674422e-01 -2.713723014069674422e-01 -1.220308348029350981e-01 9.933427891643631380e-02
-2.720421094085680447e-01 -2.720421094085680447e-01 -1.224768070302448136e-01 1.012236030332652192e-01
-2.727086694008450385e-01 -2.727086694008450385e-01 -1.229220253939124069e-01 1.031052560772129367e-01
-2.733720352282564825e-01 -2.733720352282564825e-01 -1.233664698027711892e-01 1.049793307351247762e-01
-2.740322590668053393e-01 -2.740322590668053393e-01 -1.238101217526279968e-01 1.068459178422441203e-01
-2.746893915016757615e-01 -2.746893915016757615e-01 -1.242529642195418088e-01 1.087051064335852191e-01
-2.753434816000946417e-01 -2.753434816000946417e-01 -1.246949815609336987e-01 1.105569837934893274e-01
-2.759945769797819137e-01 -2.759945769797819137e-01 -1.251361594238867836e-01 1.124016355034442860e-01
-2.766427238733039640e-01 -2.766427238733039640e-01 -1.255764846600457563e-01 1.142391454882309421e-01
-2.772879671886439024e-01 -2.772879671886439024e-01 -1.260159452465885177e-01 1.160695960604810062e-01
-2.779303505662573115e-01 -2.779303505662573115e-01 -1.264545302127813020e-01 1.178930679637009704e-01
-2.785699164328576116e-01 -2.785699164328576116e-01 -1.268922295716794768e-01 1.197096404138328074e-01
