-7.589779875419587540e+00 -3.799485609981746552e-03 -3.799485609981746552e-03 2.562154325614457440e-01
-7.748715775458112631e+00 -5.154650263249380832e-03 -5.154650263249380832e-03 2.294518677087899194e-01
-7.900288834494697987e+00 -6.447014148332452267e-03 -6.447014148332452267e-03 2.039281549599008814e-01
-8.045436398935057909e+00 -7.684573368335998085e-03 -7.684573368335998085e-03 1.794864512282432212e-01
-8.184912348467744181e+00 -8.873758840544429885e-03 -8.873758840544429885e-03 1.559998080748553340e-01
-8.319333750335673017e+00 -1.001983432875212798e-02 -1.001983432875212798e-02 1.333643154152888144e-01
-8.449213285161524922e+00 -1.112717308176053126e-02 -1.112717308176053126e-02 1.114936412107108976e-01
-8.574982413815813942e+00 -1.219945547743143781e-02 -1.219945547743143781e-02 9.031513031104235201e-02
-8.697008325207706392e+00 -1.323981360812425019e-02 -1.323981360812425019e-02 6.976695055268464229e-02
-8.815606591375345857e+00 -1.425093924294316451e-02 -1.425093924294316451e-02 4.979596172063446846e-02
-8.931050788423585018e+00 -1.523516590435446821e-02 -1.523516590435446821e-02 3.035609544314579744e-02
-9.043579927721307143e+00 -1.619453226338240723e-02 -1.619453226338240723e-02 1.140710382513590582e-02
-9.153404277340724704e+00 -1.713083180154078775e-02 -1.713083180154078775e-02 -7.086420845214463915e-03
-9.260709980470704039e+00 -1.804565220952617302e-02 -1.804565220952617302e-02 -2.515582380777400817e-02
-9.365662761389700108e+00 -1.894040700178174080e-02 -1.894040700178174080e-02 -4.282901189255930441e-02
-9.468410930104981915e+00 -1.981636114795563494e-02 -1.981636114795563494e-02 -6.013095948164379201e-02
-9.569087841360547131e+00 -2.067465204959614139e-02 -2.067465204959614139e-02 -7.708412259020205881e-02
-9.667813924441311713e+00 -2.151630685535362714e-02 -2.151630685535362714e-02 -9.370878067238389009e-02
-9.764698371932709620e+00 -2.234225686678664724e-02 -2.234225686678664724e-02 -1.100233209974305348e-01
-9.859840554961071035e+00 -2.315334961084078089e-02 -2.315334961084078089e-02 -1.260444769669180898e-01
-9.953331217186686786e+00 -2.395035902493069385e-02 -2.395035902493069385e-02 -1.417875291753613876e-01
-1.004525348841019650e+01 -2.473399410320994279e-02 -2.473399410320994279e-02 -1.572664760948671858e-01
-1.013568375002324373e+01 -2.550490627898433990e-02 -2.550490627898433990e-02 -1.724941798113140690e-01
-1.022469237794174823e+01 -2.626369576199016204e-02 -2.626369576199016204e-02 -1.874824911294010465e-01
-1.031234438357602379e+01 -2.701091700587785263e-02 -2.701091700587785263e-02 -2.022423575077575697e-01
-1.039869996943691532e+01 -2.774708344750786981e-02 -2.774708344750786981e-02 -2.167839166193245293e-01
-1.048381501287515505e+01 -2.847267163319616712e-02 -2.847267163319616712e-02 -2.311165778098182855e-01
-1.056774148899890342e+01 -2.918812482613336590e-02 -2.918812482613336590e-02 -2.452490933142329743e-01
-1.065052784186332779e+01 -2.989385617255039748e-02 -2.989385617255039748e-02 -2.591896207626539494e-01
-1.073221931146080976e+01 -3.059025149085633014e-02 -3.059025149085633014e-02 -2.729457782432187507e-01
-1.081285822277938458e+01 -3.127767173721206218e-02 -3.127767173721206218e-02 -2.865246929776011919e-01
-1.089248424217249500e+01 -3.195645519226735648e-02 -3.195645519226735648e-02 -2.999330444919428018e-01
-1.097113460544780317e+01 -3.262691940666070933e-02 -3.262691940666070933e-02 -3.131771030254725252e-01
-1.104884432139729178e+01 -3.328936293703223942e-02 -3.328936293703223942e-02 -3.262627638035729971e-01
-1.112564635392498857e+01 -3.394406689947727235e-02 -3.394406689947727235e-02 -3.391955777068549338e-01
-1.120157178546050680e+01 -3.459129636336905761e-02 -3.459129636336905761e-02 -3.519807787888910022e-01
-1.127664996395646035e+01 -3.523130160515439840e-02 -3.523130160515439840e-02 -3.646233090295584178e-01
-1.135090863544123962e+01 -3.586431923893970697e-02 -3.586431923893970697e-02 -3.771278406560247820e-01
-1.142437406382512677e+01 -3.649057323835094152e-02 -3.649057323835094152e-02 -3.894987963172703571e-01
-1.149707113942658943e+01 -3.711027586217985341e-02 -3.711027586217985341e-02 -4.017403673591687374e-01
-1.156902347749024251e+01 -3.772362849466280588e-02 -3.772362849466280588e-02 -4.138565304142312051e-01
-1.164025350780191204e+01 -3.833082240982066402e-02 -3.833082240982066402e-02 -4.258510624921619803e-01
-1.171078255636488308e+01 -3.893203946808418414e-02 -3.893203946808418414e-02 -4.377275547335715000e-01
-1.178063091998025769e+01 -3.952745275239491485e-02 -3.952745275239491485e-02 -4.494894249687941823e-01
-1.184981793447079745e+01 -4.011722715008709389e-02 -4.011722715008709389e-02 -4.611399292062978716e-01
-1.191836203719791776e+01 -4.070151988609502919e-02 -4.070151988609502919e-02 -4.726821721601239812e-01
-1.198628082444490772e+01 -4.128048101237035555e-02 -4.128048101237035555e-02 -4.841191169128072902e-01
-1.205359110417225033e+01 -4.185425385782740731e-02 -4.185425385782740731e-02 -4.954535937990072192e-01
-1.212030894459319263e+01 -4.242297544263810144e-02 -4.242297544263810144e-02 -5.066883085853022273e-01
-1.218644971896760509e+01 -4.298677686026980416e-02 -4.298677686026980416e-02 -5.178258500131361908e-01
-1.225202814696733000e+01 -4.354578363028289295e-02 -4.354578363028289295e-02 -5.288686967644825598e-01
-1.231705833292900643e+01 -4.410011602457934721e-02 -4.410011602457934721e-02 -5.398192239033277051e-01
-1.238155380127549954e+01 -4.464988936950149007e-02 -4.464988936950149007e-02 -5.506797088403969642e-01
-1.244552752935806872e+01 -4.519521432593284066e-02 -4.519521432593284066e-02 -5.614523368635409017e-01
-1.250899197794517548e+01 -4.573619714932641162e-02 -4.573619714932641162e-02 -5.721392062718438920e-01
-1.257195911956092260e+01 -4.627293993139205280e-02 -4.627293993139205280e-02 -5.827423331476009327e-01
-1.263444046485538053e+01 -4.680554082499805563e-02 -4.680554082499805563e-02 -5.932636557969048763e-01
-1.269644708717165216e+01 -4.733409425369183854e-02 -4.733409425369183854e-02 -6.037050388865534689e-01
-1.275798964545773373e+01 -4.785869110710510438e-02 -4.785869110710510438e-02 -6.140682773022653196e-01
-1.281907840565800960e+01 -4.837941892338950417e-02 -4.837941892338950417e-02 -6.243550997508252598e-01
-1.287972326070532425e+01 -4.889636205971883282e-02 -4.889636205971883282e-02 -6.345671721266261667e-01
-1.293993374922428607e+01 -4.940960185179823355e-02 -4.940960185179823355e-02 -6.447061006611701783e-01
-1.299971907304589358e+01 -4.991921676323567841e-02 -4.991921676323567841e-02 -6.547734348723944775e-01
-1.305908811362429667e+01 -5.042528252554991097e-02 -5.042528252554991097e-02 -6.647706703291474950e-01
-1.311804944743896861e+01 -5.092787226952501245e-02 -5.092787226952501245e-02 -6.746992512447979040e-01
-1.317661136045760095e+01 -5.142705664855447278e-02 -5.142705664855447278e-02 -6.845605729126857941e-01
-1.323478186172902937e+01 -5.192290395456516244e-02 -5.192290395456516244e-02 -6.943559839950687040e-01
-1.329256869616912340e+01 -5.241548022705841414e-02 -5.241548022705841414e-02 -7.040867886761791317e-01
-1.334997935659760593e+01 -5.290484935576195147e-02 -5.290484935576195147e-02 -7.137542486891281790e-01
-1.340702109507858175e+01 -5.339107317734507335e-02 -5.339107317734507335e-02 -7.233595852255794156e-01
-1.346370093361352716e+01 -5.387421156660873039e-02 -5.387421156660873039e-02 -7.329039807363600945e-01
-1.352002567423126145e+01 -5.435432252253526164e-02 -5.435432252253526164e-02 -7.423885806305515755e-01
-1.357600190851603195e+01 -5.483146224954375120e-02 -5.483146224954375120e-02 -7.518144948799373450e-01
-1.363163602661145291e+01 -5.530568523427711880e-02 -5.530568523427711880e-02 -7.611827995352070664e-01
-1.368693422573505813e+01 -5.577704431821378650e-02 -5.577704431821378650e-02 -7.704945381597446685e-01
-1.374190251823570819e+01 -5.624559076638207394e-02 -5.624559076638207394e-02 -7.797507231864350130e-01
-1.379654673922336983e+01 -5.671137433242656734e-02 -5.671137433242656734e-02 -7.889523372024704884e-01
-1.385087255379888482e+01 -5.717444332026286324e-02 -5.717444332026286324e-02 -7.981003341667721740e-01
-1.390488546390869118e+01 -5.763484464253499501e-02 -5.763484464253499501e-02 -8.071956405642978227e-01
-1.395859081484845632e+01 -5.809262387607758149e-02 -5.809262387607758149e-02 -8.162391565011954953e-01
-1.401199380143709483e+01 -5.854782531456675237e-02 -5.854782531456675237e-02 -8.252317567444550361e-01
-1.406509947388129866e+01 -5.900049201853246883e-02 -5.900049201853246883e-02 -8.341742917094668863e-01
-1.411791274334953172e+01 -5.945066586289320110e-02 -5.945066586289320110e-02 -8.430675883986361585e-01
-1.417043838727285276e+01 -5.989838758215852710e-02 -5.989838758215852710e-02 -8.519124512939908467e-01
-1.422268105438853425e+01 -6.034369681344248226e-02 -6.034369681344248226e-02 -8.607096632065093234e-01
-1.427464526954186397e+01 -6.078663213741042348e-02 -6.078663213741042348e-02 -8.694599860846961015e-01
-1.432633543826000633e+01 -6.122723111728441830e-02 -6.122723111728441830e-02 -8.781641617847850689e-01
-1.437775585111094934e+01 -6.166553033601503142e-02 -6.166553033601503142e-02 -8.868229128047634413e-01
-1.442891068785987940e+01 -6.210156543172610372e-02 -6.210156543172610372e-02 -8.954369429842675698e-01
-1.447980402143436507e+01 -6.253537113152733695e-02 -6.253537113152733695e-02 -9.040069381722865005e-01
-1.453043982170879644e+01 -6.296698128378862280e-02 -6.296698128378862280e-02 -9.125335668644475318e-01
-1.458082195911837964e+01 -6.339642888895660744e-02 -6.339642888895660744e-02 -9.210174808115694223e-01
-1.463095420811165326e+01 -6.382374612899852084e-02 -6.382374612899852084e-02 -9.294593156010518831e-01
-1.468084025045043006e+01 -6.424896439554125815e-02 -6.424896439554125815e-02 -9.378596912125610752e-01
-1.473048367836538297e+01 -6.467211431678104860e-02 -6.467211431678104860e-02 -9.462192125493952277e-01
-1.477988799757466509e+01 -6.509322578322639108e-02 -6.509322578322639108e-02 -9.545384699468146827e-01
-1.482905663017310438e+01 -6.551232797233343119e-02 -6.551232797233343119e-02 -9.628180396585451772e-01
-1.487799291739834118e+01 -6.592944937209593848e-02 -6.592944937209593848e-02 -9.710584843225861240e-01
-1.492670012228055754e+01 -6.634461780363998251e-02 -6.634461780363998251e-02 -9.792603534073972549e-01
-1.497518143218154840e+01 -6.675786044287641829e-02 -6.675786044287641829e-02 -9.874241836394641592e-01
