-1.109460354727586839e+01 -4.243934630776631869e-03 -4.243934630776631869e-03 2.578846050499793430e-01
-1.149240233940780520e+01 -5.676776188606985629e-03 -5.676776188606985629e-03 2.518551193447819969e-01
-1.188297897201809405e+01 -7.008310774514191731e-03 -7.008310774514191731e-03 2.464270422983933784e-01
-1.226771024939245081e+01 -8.253772251030669707e-03 -8.253772251030669707e-03 2.415137240683954134e-01
-1.264770906787123295e+01 -9.425187293056276963e-03 -9.425187293056276963e-03 2.370462412263452390e-01
-1.302389237081773565e+01 -1.053222332482450091e-02 -1.053222332482450091e-02 2.329687892517936232e-01
-1.339702828999008588e+01 -1.158277161910573408e-02 -1.158277161910573408e-02 2.292354985050952532e-01
-1.376776976581723311e+01 -1.258335954910774941e-02 -1.258335954910774941e-02 2.258081722558092086e-01
-1.413667910126539162e+01 -1.353944906702126381e-02 -1.353944906702126381e-02 2.226546412191527657e-01
-1.450424626834871766e+01 -1.445565731516289601e-02 -1.445565731516289601e-02 2.197475417121111108e-01
-1.487090280652273044e+01 -1.533592265975844242e-02 -1.533592265975844242e-02 2.170633918872856005e-01
-1.523703254531248064e+01 -1.618363166265402928e-02 -1.618363166265402928e-02 2.145818821297627854e-01
-1.560297999648033596e+01 -1.700171757260076494e-02 -1.700171757260076494e-02 2.122853221956309822e-01
-1.596905700774634163e+01 -1.779273770506395805e-02 -1.779273770506395805e-02 2.101582049730966462e-01
-1.633554810046786798e+01 -1.855893493880930029e-02 -1.855893493880930029e-02 2.081868583093710867e-01
-1.670271479775817269e+01 -1.930228710145047780e-02 -1.930228710145047780e-02 2.063591642334267340e-01
-1.707079916880490700e+01 -2.002454700719889444e-02 -2.002454700719889444e-02 2.046643303851955198e-01
-1.744002675799819357e+01 -2.072727519908916516e-02 -2.072727519908916516e-02 2.030927023345133475e-01
-1.781060902638883903e+01 -2.394397177597771403e-02 -1.887976210248645120e-02 2.016356082518634685e-01
-1.818274540304190268e+01 -2.671575856187578465e-02 -1.744339068115395228e-02 2.002852294148139423e-01
-1.855662502173138506e+01 -2.885983635538755254e-02 -1.660321666432129986e-02 1.990344915241279156e-01
-1.893242820189547260e+01 -3.075525713258383045e-02 -1.598222787407416884e-02 1.978769729147466239e-01
-1.931032772028682487e+01 -1.547907762081823443e-02 -3.250521733474957126e-02 1.968068265846452947e-01
-1.969048991022829753e+01 -1.504967443697281283e-02 -3.415549083954863563e-02 1.958187136026098008e-01
-2.007307561804864093e+01 -1.467057962287720771e-02 -3.573105083357794309e-02 1.949077459465285711e-01
-2.045824104057189885e+01 -1.432781593365684870e-02 -3.724727781280315342e-02 1.940694372042380544e-01
-2.084613846307251350e+01 -1.401239600647673222e-02 -3.871444556005265020e-02 1.932996598664511179e-01
-2.123691691358316191e+01 -1.371822368688521525e-02 -4.013983230566731814e-02 1.925946081757100303e-01
-2.163072274664308026e+01 -1.344099521215272319e-02 -4.152883041184965429e-02 1.919507656813616847e-01
-2.202770016733430936e+01 -1.317757617579116795e-02 -4.288557890209605816e-02 1.913648767992101873e-01
-2.242799170464940417e+01 -1.292562610991077575e-02 -4.421334720220220643e-02 1.908339217940593080e-01
-2.283173864177396695e+01 -1.268336114904392888e-02 -4.551477979812191405e-02 1.903550947000836879e-01
-2.323908140967800406e+01 -1.244939804204297888e-02 -4.679205868519659139e-02 1.899257837726646414e-01
-2.365015994943760447e+01 -1.222264828472470997e-02 -4.804701495452883692e-02 1.895435541297114945e-01
-2.406511404790874309e+01 -1.200224430541415102e-02 -4.928120768419252257e-02 1.892061322934260603e-01
-2.448408365071457737e+01 -1.178748680402213860e-02 -5.049598111915851173e-02 1.889113923872096368e-01
-2.490720915596043028e+01 -1.157780643256128839e-02 -5.169250702384670798e-02 1.886573437787213703e-01
-2.533463169163666251e+01 -1.137273542789290701e-02 -5.287181665776687078e-02 1.884421199903666688e-01
-2.576649337928779815e+01 -1.117188629279151739e-02 -5.403482533059747461e-02 1.882639687238395199e-01
-2.620293758621155078e+01 -1.097493555899223434e-02 -5.518235154807006604e-02 1.881212428666489134e-01
-2.664410916818332709e+01 -1.078161127316261056e-02 -5.631513214652954236e-02 1.880123923665324159e-01
-2.709015470447882734e+01 -1.059168324916839876e-02 -5.743383440634371867e-02 1.879359568748907583e-01
-2.754122272678021943e+01 -1.040495540217074508e-02 -5.853906585771032761e-02 1.878905590733076225e-01
-2.799746394339356570e+01 -1.022125966756495113e-02 -5.963138230113838173e-02 1.878748986082618144e-01
-2.845903146007228557e+01 -1.004045113906010603e-02 -6.071129443035142709e-02 1.878877465685666326e-01
-2.892608099863149818e+01 -9.862404153526309683e-03 -6.177927334925954056e-02 1.879279404481798144e-01
-2.939877111444564761e+01 -9.687009117491573659e-03 -6.283575520500826739e-02 1.879943795439910914e-01
-2.987726341384420792e+01 -9.514169919251207544e-03 -6.388114510798087453e-02 1.880860207442138499e-01
-3.036172277235911920e+01 -9.343801806775955607e-03 -6.491582047163371727e-02 1.882018746682129484e-01
-3.085231755472491955e+01 -9.175829638630233695e-03 -6.594013387648747782e-02 1.883410021231176346e-01
-3.134921983749353913e+01 -9.010186435467229873e-03 -6.695441554090751646e-02 1.885025108465023524e-01
-3.185260563509296716e+01 -8.846812175139360385e-03 -6.795897546467646877e-02 1.886855525078429963e-01
-3.236265513013793083e+01 -8.685652786326956976e-03 -6.895410529848888803e-02 1.888893199444529325e-01
-3.287955290878291237e+01 -8.526659304746449231e-03 -6.994007998245128921e-02 1.891130446102305129e-01
-3.340348820190151713e+01 -8.369787163133288188e-03 -7.091715918876642655e-02 1.893559942178532352e-01
-3.393465513287243596e+01 -8.214995591780498846e-03 -7.188558859751274788e-02 1.896174705570818630e-01
-3.447325297275594380e+01 -8.062247110819917295e-03 -7.284560102942476412e-02 1.898968074736294975e-01
-3.501948640365452547e+01 -7.911507098926918655e-03 -7.379741745556139820e-02 1.901933689946266048e-01
-3.557356579106552630e+01 -7.762743425920684906e-03 -7.474124790048743139e-02 1.905065475881166648e-01
-3.613570746605275019e+01 -7.615926138964701150e-03 -7.567729225295155571e-02 1.908357625452538897e-01
-3.670613401808979148e+01 -7.471027193877723648e-03 -7.660574099587376395e-02 1.911804584749813019e-01
-3.728507459945686264e+01 -7.328020224523372310e-03 -7.752677586566479595e-02 1.915401039019432872e-01
-3.787276524210816575e+01 -7.186880344436201440e-03 -7.844057044943278378e-02 1.919141899592668732e-01
-3.846944918796721424e+01 -7.047583975809606355e-03 -7.934729072739495070e-02 1.923022291686256879e-01
-3.907537723365284421e+01 -6.910108701770211262e-03 -8.024709556679199274e-02 1.927037543006962228e-01
-3.969080809068913851e+01 -6.774433138515447220e-03 -8.114013717273983739e-02 1.931183173097496264e-01
-4.031600876231131991e+01 -6.640536824435037434e-03 -8.202656150072684671e-02 1.935454883366737044e-01
-4.095125493803997330e+01 -6.508400123784629371e-03 -8.290650863485087008e-02 1.939848547752375529e-01
-4.159683140726713191e+01 -6.378004142854805728e-03 -8.378011313536848359e-02 1.944360203968522327e-01
-4.225303249317433796e+01 -6.249330656889027537e-03 -8.464750435868347023e-02 1.948986045295016678e-01
-4.292016250838474178e+01 -6.122362046266169831e-03 -8.550880675251892882e-02 1.953722412868791058e-01
-4.359853623384473309e+01 -5.997081240682309612e-03 -8.636414012869279844e-02 1.958565788441040956e-01
-4.428847942252902214e+01 -5.873471670249953529e-03 -8.721361991562991134e-02 1.963512787566939199e-01
-4.499032932967392640e+01 -5.751517222589694334e-03 -8.805735739250419858e-02 1.968560153197365936e-01
-4.570443527136094275e+01 -5.631202205120540427e-03 -8.889545990668869246e-02 1.973704749644641099e-01
-4.643115921340468333e+01 -5.512511311866055003e-03 -8.972803107600857420e-02 1.978943556896460565e-01
-4.717087639263879595e+01 -5.395429594189636927e-03 -9.055517097713282337e-02 1.984273665254301100e-01
-4.792397597285008004e+01 -5.279942434952168175e-03 -9.137697632129594683e-02 1.989692270274438235e-01
-4.869086173777827753e+01 -5.166035525654574800e-03 -9.219354061842077730e-02 1.995196667991396555e-01
-4.947195282378255143e+01 -5.053694846187069267e-03 -9.300495433060268491e-02 2.000784250405211739e-01
-5.026768449497837565e+01 -4.942906646856456802e-03 -9.381130501582239656e-02 2.006452501215308104e-01
-5.107850896386465678e+01 -4.833657432408010324e-03 -9.461267746266542600e-02 2.012198991785061064e-01
-5.190489626070228013e+01 -4.725933947794007210e-03 -9.540915381675542373e-02 2.018021377322344045e-01
-5.274733515516690829e+01 -4.619723165474238537e-03 -9.620081369954100459e-02 2.023917393262378572e-01
-5.360633413408261561e+01 -4.515012274060863952e-03 -9.698773432001368822e-02 2.029884851840279836e-01
-5.448242243935878548e+01 -4.411788668144945441e-03 -9.776999057988572384e-02 2.035921638841509951e-01
-5.537615117059380054e+01 -4.310039939161318043e-03 -9.854765517270579200e-02 2.042025710519378701e-01
-5.628809445718528792e+01 -4.209753867168232293e-03 -9.932079867735135736e-02 2.048195090669438778e-01
-5.721885070519946481e+01 -4.110918413431478152e-03 -1.000894896462953820e-01 2.054427867851350287e-01
-5.816904392470422636e+01 -4.013521713718938046e-03 -1.008537946890138287e-01 2.060722192749456505e-01
-5.913932514376757865e+01 -3.917552072221224153e-03 -1.016137785508670482e-01 2.067076275663889129e-01
-6.013037391587354819e+01 -3.822997956024786533e-03 -1.023695041877637213e-01 2.073488384124587414e-01
-6.114289992810491015e+01 -3.729847990074465665e-03 -1.031210328368869084e-01 2.079956840621144665e-01
-6.217764471811156568e+01 -3.638090952566881350e-03 -1.038684240837430411e-01 2.086480020441821293e-01
-6.323538350861303314e+01 -3.547715770727108333e-03 -1.046117359257714152e-01 2.093056349615566025e-01
-6.431692716899456741e+01 -3.458711516923404852e-03 -1.053510248327350074e-01 2.099684302951231596e-01
-6.542312431444862852e+01 -3.371067405082106040e-03 -1.060863458040946228e-01 2.106362402168577563e-01
-6.655486355410971555e+01 -3.284772787368922271e-03 -1.068177524235551651e-01 2.113089214116012637e-01
-6.771307590072039773e+01 -3.199817151106240133e-03 -1.075452969109571971e-01 2.119863349070294223e-01
-6.889873735559095280e+01 -3.116190115900800261e-03 -1.082690301716738024e-01 2.126683459113787034e-01
