9.673256496485783951e-02
1.161655054224646072e-01
1.462657540053523553e-01
1.687966404262774278e-01
1.809565705547044323e-01
1.880011217962978265e-01
1.128336689519442160e-01
1.297185946823246894e-01
4.454035655874067495e-02
5.938612368714295264e-02
6.031218073162381010e-02
6.161979500410925265e-02
6.018912513095507621e-02
6.059851838449023531e-02
6.344373360381440341e-02
5.928207805512925033e-02
9.281243785720938444e-02
1.313646542896148850e-01
1.319532843904689390e-01
1.441329034150029276e-01
1.007484208432334050e-01
7.650273341050663201e-02
1.340077188601163372e-01
1.492109412919784273e-01
9.268106539525407250e-02
1.175454254685843608e-01
9.714806856546068237e-02
1.089159180903776503e-01
1.388698578073668533e-01
1.427360101825840277e-01
1.311256718265230714e-01
9.035879404580629548e-02
8.850956539851542737e-02
2.928943947337802473e-02
5.157489362041758202e-02
5.206983173290039013e-02
5.553032495556823461e-02
5.266609976758903494e-02
5.424800073066850942e-02
4.985126655174032528e-02
5.190298531157988560e-02
5.342615905006434240e-02
5.400783014453573727e-02
5.554322457715557548e-02
4.390216475389316364e-02
3.577701560656527252e-02
4.417721523787065951e-02
9.623457167884118257e-02
1.281699611643915271e-01
1.396981492987646734e-01
1.597455191004001629e-01
1.375425546387744058e-01
1.312916695885286145e-01
1.208562151880938212e-01
1.637264102149995071e-01
1.459415661470388481e-01
1.120797200165365853e-01
1.095300079706803820e-01
1.209821562304334158e-01
1.339194582913608433e-01
1.327364272063110695e-01
1.237470882785626641e-01
1.099176755457526439e-01
8.489936867268919884e-02
2.607896128489645138e-02
4.420055336903197518e-02
5.246462804621829235e-02
5.209749802656798295e-02
5.103124246325625724e-02
4.889329991701708844e-02
4.371817541441053168e-02
4.426920990761198244e-02
5.064034998278715838e-02
4.697499040148873928e-02
4.933562115197257653e-02
4.690726738815519103e-02
4.083256401169442495e-02
3.020599153353136640e-02
9.711140648305455203e-02
9.061407076774530278e-02
1.148449915283918238e-01
1.031494477771091878e-01
1.104611569710509805e-01
9.172038305072298392e-02
7.535161191569923755e-02
1.255808713263213139e-01
1.420533486296327863e-01
1.403132575702453755e-01
1.037509774995505618e-01
9.006617631400919144e-02
1.250166826137380227e-01
1.285576287394637751e-01
1.199243872602712563e-01
1.431613582312403765e-01
1.313612596523550669e-01
1.133119733418538611e-01
4.896339917643251910e-02
3.337955304181231680e-02
6.034901254589293551e-02
7.033060394468883259e-02
6.238240026452943066e-02
