1.924436999999999953e+00
1.744648999999999894e+00
1.842382000000000186e+00
1.697998000000000118e+00
1.925720000000000098e+00
2.019974999999999632e+00
1.826294000000000084e+00
1.947161000000000142e+00
1.659562999999999899e+00
1.546853999999999951e+00
1.553158999999999956e+00
1.714378999999999875e+00
1.674333999999999767e+00
1.460137000000000018e+00
1.568383000000000083e+00
1.530200999999999922e+00
1.518078000000000261e+00
1.474011000000000182e+00
1.442735999999999796e+00
1.403318999999999983e+00
1.530088499999999962e+00
1.571338999999999819e+00
1.561565999999999788e+00
2.886706000000000216e+00
2.559416000000000135e+00
2.244076999999999877e+00
2.727530999999999928e+00
2.472515999999999714e+00
2.434172999999999920e+00
2.467135999999999996e+00
2.124705399999999855e+00
3.042348000000000052e+00
3.076973999999999876e+00
2.217973000000000194e+00
2.045888000000000151e+00
1.601493999999999973e+00
1.562725999999999837e+00
1.436798000000000020e+00
1.650239999999999929e+00
1.743718000000000101e+00
1.842524999999999746e+00
1.715012000000000203e+00
1.708451999999999638e+00
1.699338999999999711e+00
1.703386999999999984e+00
1.660564999999999847e+00
1.595666999999999947e+00
1.436957000000000040e+00
1.329117000000000326e+00
1.484194000000000013e+00
1.534839000000000064e+00
1.983725000000000183e+00
2.213408999999999960e+00
1.991669000000000356e+00
2.274188000000000098e+00
2.415857000000000365e+00
2.683502999999999972e+00
2.590834000000000081e+00
2.488894999999999857e+00
2.807674000000000003e+00
2.640756999999999799e+00
2.117968999999999991e+00
2.094746500000000289e+00
1.905380000000000074e+00
2.484376300000000093e+00
2.027931999999999846e+00
1.874258999999999675e+00
1.741009999999999946e+00
1.167551000000000005e+00
1.428444999999999965e+00
1.485648999999999775e+00
1.606840000000000046e+00
1.543626999999999860e+00
1.547889999999999766e+00
1.674068000000000112e+00
1.893464000000000036e+00
1.744809999999999972e+00
1.703325999999999896e+00
1.598680000000000101e+00
1.588778999999999941e+00
1.459760999999999864e+00
1.444053000000000031e+00
2.096473000000000031e+00
2.169570999999999916e+00
1.934757999999999978e+00
2.003693000000000168e+00
2.116651000000000060e+00
2.244202000000000030e+00
2.172079999999999789e+00
2.209805000000000241e+00
2.178571000000000257e+00
2.458274999999999544e+00
2.290151000000000714e+00
1.975781000000000009e+00
2.018830999999999598e+00
1.825536000000000048e+00
1.543177000000000021e+00
1.923755000000000104e+00
1.649245999999999768e+00
1.544438999999999673e+00
1.450914999999999733e+00
1.220456999999999903e+00
1.417451000000000016e+00
1.508164999999999978e+00
1.535627999999999993e+00
